      1        0.70127898413870        0.00072465155832        0.00078526638639        0.00007768444333        0.00024107416029        0.00026123925704
      1       -0.70127898413870       -0.00072465155832       -0.00078526638639       -0.00007768444333       -0.00024107416029       -0.00026123925704
      2        0.70155449895444        0.00144644496175        0.00156743554221        0.00010551245429        0.00023984354127        0.00025990570060
      2       -0.70155449895444       -0.00144644496175       -0.00156743554221       -0.00010551245429       -0.00023984354127       -0.00025990570060
      3        0.70191205886446        0.00216371280596        0.00234470059000        0.00013233826093        0.00023831508371        0.00025824939239
      3       -0.70191205886446       -0.00216371280596       -0.00234470059000       -0.00013233826093       -0.00023831508371       -0.00025824939239
      4        0.70234852852003        0.00287633546403        0.00311693189652        0.00015810520920        0.00023691661688        0.00025673394826
      4       -0.70234852852003       -0.00287633546403       -0.00311693189652       -0.00015810520920       -0.00023691661688       -0.00025673394826
      5        0.70286069011967        0.00358521250724        0.00388510427954        0.00018279624132        0.00023586231196        0.00025559145417
      5       -0.70286069011967       -0.00358521250724       -0.00388510427954       -0.00018279624132       -0.00023586231196       -0.00025559145417
      6        0.70344530596793        0.00429150933577        0.00465048062153        0.00020641809661        0.00023517790673        0.00025484980081
      6       -0.70344530596793       -0.00429150933577       -0.00465048062153       -0.00020641809661       -0.00023517790673       -0.00025484980081
      7        0.70409919869935        0.00499627994759        0.00541420308442        0.00022900993719        0.00023482761479        0.00025447020844
      7       -0.70409919869935       -0.00499627994760       -0.00541420308442       -0.00022900993719       -0.00023482761479       -0.00025447020844
      8        0.70481936559106        0.00570047502449        0.00617730187216        0.00025063945611        0.00023478302254        0.00025442188682
      8       -0.70481936559106       -0.00570047502449       -0.00617730187216       -0.00025063945611       -0.00023478302254       -0.00025442188682
      9        0.70560303543599        0.00640497808282        0.00694073440534        0.00027137360030        0.00023500239358        0.00025465960849
      9       -0.70560303543599       -0.00640497808282       -0.00694073440534       -0.00027137360030       -0.00023500239358       -0.00025465960849
     10        0.70644760719288        0.00711048938599        0.00770525952311        0.00029124732673        0.00023540492179        0.00025509580816
     10       -0.70644760719288       -0.00711048938599       -0.00770525952311       -0.00029124732673       -0.00023540492179       -0.00025509580816
     11        0.70735051939636        0.00781740761357        0.00847130925428        0.00031025610028        0.00023589836024        0.00025563052279
     11       -0.70735051939636       -0.00781740761357       -0.00847130925428       -0.00031025610028       -0.00023589836024       -0.00025563052279
     12        0.70830914379456        0.00852587954743        0.00923904265987        0.00032836986908        0.00023642400763        0.00025620014110
     12       -0.70830914379456       -0.00852587954743       -0.00923904265987       -0.00032836986908       -0.00023642400763       -0.00025620014110
     13        0.70932073861086        0.00923595165935        0.01000851010087        0.00034554744612        0.00023696086511        0.00025678190786
     13       -0.70932073861086       -0.00923595165935       -0.01000851010087       -0.00034554744612       -0.00023696086511       -0.00025678190786
     14        0.71038242847128        0.00994764473806        0.01077973410703        0.00036174001378        0.00023749412935        0.00025735978152
     14       -0.71038242847128       -0.00994764473807       -0.01077973410703       -0.00036174001378       -0.00023749412935       -0.00025735978152
     15        0.71149117869355        0.01066091643547        0.01155266878996        0.00037689084064        0.00023799799019        0.00025790579295
     15       -0.71149117869356       -0.01066091643547       -0.01155266878996       -0.00037689084064       -0.00023799799019       -0.00025790579295
     16        0.71264377351511        0.01137563267921        0.01232716886475        0.00039094021612        0.00023845094842        0.00025839664482
     16       -0.71264377351511       -0.01137563267921       -0.01232716886475       -0.00039094021612       -0.00023845094842       -0.00025839664482
     17        0.71383681999026        0.01209162212597        0.01310304865888        0.00040383306024        0.00023885199150        0.00025883124016
     17       -0.71383681999026       -0.01209162212597       -0.01310304865888       -0.00040383306024       -0.00023885199150       -0.00025883124016
     18        0.71506677187657        0.01280874462822        0.01388015630574        0.00041552162718        0.00023921090596        0.00025922018420
     18       -0.71506677187657       -0.01280874462822       -0.01388015630574       -0.00041552162718       -0.00023921090596       -0.00025922018420
     19        0.71632994975334        0.01352688756173        0.01465836976408        0.00042596306491        0.00023952872196        0.00025956459319
     19       -0.71632994975334       -0.01352688756173       -0.01465836976408       -0.00042596306491       -0.00023952872196       -0.00025956459319
     20        0.71762255026601        0.01424591696001        0.01543754386487        0.00043511818116        0.00023979686358        0.00025985517392
     20       -0.71762255026601       -0.01424591696001       -0.01543754386487       -0.00043511818116       -0.00023979686358       -0.00025985517392
     21        0.71894065884029        0.01496566874323        0.01621750080762        0.00044295407141        0.00024001233136        0.00026008867642
     21       -0.71894065884029       -0.01496566874323       -0.01621750080763       -0.00044295407141       -0.00024001233136       -0.00026008867642
     22        0.72028027469445        0.01568599094817        0.01699807592339        0.00044944646356        0.00024018325721        0.00026027391309
     22       -0.72028027469445       -0.01568599094818       -0.01699807592339       -0.00044944646356       -0.00024018325721       -0.00026027391309
     23        0.72163733762165        0.01640676828652        0.01777914428618        0.00045457826416        0.00024031716131        0.00026041903307
     23       -0.72163733762165       -0.01640676828652       -0.01777914428618       -0.00045457826416       -0.00024031716131       -0.00026041903307
     24        0.72300774427940        0.01712789391601        0.01856059012179        0.00045833675377        0.00024041126300        0.00026052102299
     24       -0.72300774427940       -0.01712789391601       -0.01856059012179       -0.00045833675377       -0.00024041126300       -0.00026052102299
     25        0.72438735814429        0.01784923586454        0.01934227042412        0.00046071347044        0.00024045898758        0.00026057275845
     25       -0.72438735814429       -0.01784923586454       -0.01934227042412       -0.00046071347044       -0.00024045898758       -0.00026057275845
     26        0.72577202510204        0.01857064784147        0.02012402667247        0.00046170621000        0.00024046097677        0.00026057493537
     26       -0.72577202510204       -0.01857064784147       -0.02012402667247       -0.00046170621000       -0.00024046097677       -0.00026057493537
     27        0.72715759540431        0.01929200172515        0.02090572003634        0.00046131944337        0.00024042348457        0.00026053433102
     27       -0.72715759540431       -0.01929200172515       -0.02090572003634       -0.00046131944337       -0.00024042348457       -0.00026053433102
     28        0.72853994176228        0.02001318874888        0.02168723265861        0.00045956228257        0.00024034795545        0.00026045251042
     28       -0.72853994176228       -0.02001318874888       -0.02168723265861       -0.00045956228257       -0.00024034795545       -0.00026045251042
     29        0.72991496909972        0.02073408945784        0.02246843509884        0.00045644692381        0.00024022858678        0.00026032318552
     29       -0.72991496909972       -0.02073408945784       -0.02246843509884       -0.00045644692381       -0.00024022858678       -0.00026032318552
     30        0.73127862330517        0.02145456026959        0.02324917177170        0.00045198943735        0.00024006093357        0.00026014154006
     30       -0.73127862330517       -0.02145456026959       -0.02324917177170       -0.00045198943735       -0.00024006093357       -0.00026014154006
     31        0.73262690572381        0.02217445505924        0.02402928433921        0.00044621102863        0.00023984752524        0.00025991031559
     31       -0.73262690572382       -0.02217445505924       -0.02402928433921       -0.00044621102863       -0.00023984752524       -0.00025991031559
     32        0.73395588947694        0.02289364542101        0.02480863366526        0.00043913741094        0.00023959227124        0.00025963374840
     32       -0.73395588947694       -0.02289364542101       -0.02480863366527       -0.00043913741094       -0.00023959227124       -0.00025963374840
     33        0.73526173018944        0.02361200868670        0.02558708682962        0.00043079705803        0.00023929324268        0.00025930974781
     33       -0.73526173018944       -0.02361200868670       -0.02558708682962       -0.00043079705803       -0.00023929324268       -0.00025930974781
     34        0.73654067182510        0.02432940487707        0.02636449215215        0.00042122072301        0.00023894506874        0.00025893249406
     34       -0.73654067182510       -0.02432940487707       -0.02636449215215       -0.00042122072301       -0.00023894506874       -0.00025893249406
     35        0.73778905452748        0.02504567909914        0.02714068179398        0.00041044244317        0.00023854653431        0.00025850067121
     35       -0.73778905452748       -0.02504567909914       -0.02714068179398       -0.00041044244317       -0.00023854653431       -0.00025850067121
     36        0.73900332648410        0.02576068408295        0.02791549617942        0.00039849998671        0.00023810133894        0.00025801828854
     36       -0.73900332648410       -0.02576068408295       -0.02791549617942       -0.00039849998671       -0.00023810133894       -0.00025801828854
     37        0.74018005444775        0.02647428713275        0.02868879152520        0.00038543377148        0.00023761139965        0.00025748742288
     37       -0.74018005444775       -0.02647428713275       -0.02868879152520       -0.00038543377148       -0.00023761139965       -0.00025748742288
     38        0.74131592911301        0.02718635248087        0.02946042071670        0.00037128572312        0.00023707357818        0.00025690467316
     38       -0.74131592911301       -0.02718635248087       -0.02946042071670       -0.00037128572312       -0.00023707357818       -0.00025690467316
     39        0.74240776878647        0.02789672860185        0.03023021956414        0.00035609950741        0.00023648464823        0.00025626654397
     39       -0.74240776878647       -0.02789672860185       -0.03023021956415       -0.00035609950741       -0.00023648464823       -0.00025626654397
     40        0.74345252615749        0.02860526037025        0.03099801998051        0.00033992136343        0.00023584628748        0.00025557485423
     40       -0.74345252615749       -0.02860526037025       -0.03099801998051       -0.00033992136343       -0.00023584628748       -0.00025557485423
     41        0.74444729696706        0.02931180632671        0.03176366868951        0.00032279994145        0.00023516240261        0.00025483383719
     41       -0.74444729696706       -0.02931180632671       -0.03176366868951       -0.00032279994145       -0.00023516240261       -0.00025483383719
     42        0.74538932580622        0.03001623478594        0.03252702300366        0.00030478522720        0.00023443342853        0.00025404396330
     42       -0.74538932580622       -0.03001623478594       -0.03252702300367       -0.00030478522720       -0.00023443342853       -0.00025404396330
     43        0.74627600833024        0.03071840689788        0.03328793246929        0.00028592803138        0.00023365659939        0.00025320223554
     43       -0.74627600833024       -0.03071840689788       -0.03328793246929       -0.00028592803138       -0.00023365659939       -0.00025320223554
     44        0.74710489399451        0.03141817438230        0.03404623641691        0.00026628054817        0.00023283138593        0.00025230808165
     44       -0.74710489399451       -0.03141817438230       -0.03404623641691       -0.00026628054817       -0.00023283138593       -0.00025230808165
     45        0.74787369161924        0.03211539521345        0.03480178095920        0.00024589683348        0.00023196136063        0.00025136537357
     45       -0.74787369161924       -0.03211539521345       -0.03480178095920       -0.00024589683348       -0.00023196136063       -0.00025136537357
     46        0.74858027499539        0.03280994254606        0.03555442865832        0.00022483229109        0.00023104981500        0.00025037767727
     46       -0.74858027499539       -0.03280994254606       -0.03555442865833       -0.00022483229109       -0.00023104981500       -0.00025037767727
     47        0.74922268536578        0.03350169410343        0.03630404702279        0.00020314285157        0.00023009628645        0.00024934449072
     47       -0.74922268536578       -0.03350169410344       -0.03630404702279       -0.00020314285157       -0.00023009628645       -0.00024934449072
     48        0.74979913210478        0.03419052026476        0.03705049560262        0.00018088494444        0.00022909933226        0.00024826425149
     48       -0.74979913210478       -0.03419052026477       -0.03705049560262       -0.00018088494444       -0.00022909933226       -0.00024826425149
     49        0.75030799503240        0.03487629009700        0.03779363253174        0.00015811607123        0.00022806090937        0.00024713908179
     49       -0.75030799503241       -0.03487629009700       -0.03779363253174       -0.00015811607123       -0.00022806090937       -0.00024713908179
     50        0.75074782853217        0.03555888572096        0.03853333009333        0.00013489489657        0.00022698548695        0.00024597382453
     50       -0.75074782853217       -0.03555888572096       -0.03853333009334       -0.00013489489657       -0.00022698548695       -0.00024597382453
     51        0.75111736441180        0.03623820301869        0.03926947547893        0.00011128060470        0.00022587555559        0.00024477117723
     51       -0.75111736441180       -0.03623820301869       -0.03926947547893       -0.00011128060470       -0.00022587555559       -0.00024477117723
     52        0.75141551216037        0.03691413905449        0.04000195715671        0.00008733241601        0.00022473069287        0.00024353068200
     52       -0.75141551216037       -0.03691413905450       -0.04000195715671       -0.00008733241601       -0.00022473069287       -0.00024353068200
     53        0.75164135890789        0.03758658717588        0.04073065957092        0.00006310984885        0.00022355144969        0.00024225293776
     53       -0.75164135890789       -0.03758658717588       -0.04073065957092       -0.00006310984885       -0.00022355144969       -0.00024225293776
     54        0.75179417125346        0.03825544775262        0.04145547478328        0.00003867312940        0.00022234177227        0.00024094222221
     54       -0.75179417125346       -0.03825544775262       -0.04145547478328       -0.00003867312940       -0.00022234177227       -0.00024094222221
     55        0.75187339768431        0.03892063780951        0.04217631290415        0.00001408296769        0.00022110626333        0.00023960352192
     55       -0.75187339768431       -0.03892063780951       -0.04217631290415       -0.00001408296769       -0.00022110626333       -0.00023960352192
     56        0.75187866905958        0.03958208533262        0.04289309591482       -0.00001060005495        0.00021984678631        0.00023823885466
     56       -0.75187866905958       -0.03958208533263       -0.04289309591482        0.00001060005495       -0.00021984678631       -0.00023823885466
     57        0.75180979735464        0.04023971852740        0.04360574603214       -0.00003531565417        0.00021856372631        0.00023684863882
     57       -0.75180979735464       -0.04023971852740       -0.04360574603214        0.00003531565417       -0.00021856372631       -0.00023684863882
     58        0.75166677513455        0.04089346769049        0.04431418774774       -0.00006000346182        0.00021725974007        0.00023543575609
     58       -0.75166677513455       -0.04089346769050       -0.04431418774774        0.00006000346182       -0.00021725974007       -0.00023543575609
     59        0.75144977658371        0.04154327696779        0.04501836056871       -0.00008460283871        0.00021594006006        0.00023400587717
     59       -0.75144977658371       -0.04154327696780       -0.04501836056871        0.00008460283871       -0.00021594006006       -0.00023400587717
     60        0.75115915810232        0.04218910805084        0.04571822301077       -0.00010905328530        0.00021460903841        0.00023256371592
     60       -0.75115915810232       -0.04218910805084       -0.04571822301077        0.00010905328530       -0.00021460903841       -0.00023256371592
     61        0.75079545687189        0.04283093119825        0.04641374286425       -0.00013329491262        0.00021326846780        0.00023111121396
     61       -0.75079545687190       -0.04283093119826       -0.04641374286426        0.00013329491262       -0.00021326846780       -0.00023111121396
     62        0.75035938862658        0.04346871885761        0.04710489029455       -0.00015726836846        0.00021192020634        0.00022965038761
     62       -0.75035938862659       -0.04346871885761       -0.04710489029455        0.00015726836846       -0.00021192020634       -0.00022965038761
     63        0.74985184666110        0.04410245243628        0.04779164518990       -0.00018091448299        0.00021056883334        0.00022818620228
     63       -0.74985184666111       -0.04410245243628       -0.04779164518991        0.00018091448299       -0.00021056883334       -0.00022818620228
     64        0.74927390172867        0.04473213185763        0.04847400750820       -0.00020417432224        0.00020922019573        0.00022672499291
     64       -0.74927390172867       -0.04473213185763       -0.04847400750820        0.00020417432224       -0.00020922019573       -0.00022672499291
     65        0.74862680072765        0.04535777361063        0.04915199514736       -0.00022698968402        0.00020787826091        0.00022527105549
     65       -0.74862680072765       -0.04535777361064       -0.04915199514736        0.00022698968402       -0.00020787826091       -0.00022527105549
     66        0.74791196362453        0.04597940142306        0.04982563384113       -0.00024930338433        0.00020654522147        0.00022382676644
     66       -0.74791196362453       -0.04597940142307       -0.04982563384114        0.00024930338433       -0.00020654522147       -0.00022382676644
     67        0.74713098042166        0.04659704493946        0.05049495574603       -0.00027105902069        0.00020522455330        0.00022239589718
     67       -0.74713098042166       -0.04659704493946       -0.05049495574603        0.00027105902069       -0.00020522455330       -0.00022239589718
     68        0.74628560950038        0.04721074874284        0.05116000922419       -0.00029220070914        0.00020392216976        0.00022098485834
     68       -0.74628560950038       -0.04721074874285       -0.05116000922419        0.00029220070914       -0.00020392216976       -0.00022098485834
     69        0.74537777616683        0.04782057795802        0.05182086489608       -0.00031267332519        0.00020264396344        0.00021960003200
     69       -0.74537777616683       -0.04782057795803       -0.05182086489608        0.00031267332519       -0.00020264396344       -0.00021960003200
     70        0.74440956954927        0.04842661252348        0.05247760941622       -0.00033242301483        0.00020139367153        0.00021824546403
     70       -0.74440956954927       -0.04842661252348       -0.05247760941622        0.00033242301483       -0.00020139367153       -0.00021824546403
     71        0.74338323807785        0.04902893998722        0.05313033768024       -0.00035139735617        0.00020017431931        0.00021692443560
     71       -0.74338323807786       -0.04902893998723       -0.05313033768024        0.00035139735617       -0.00020017431931       -0.00021692443560
     72        0.74230118541224        0.04962765843936        0.05377915602983       -0.00036954508872        0.00019899084094        0.00021564230075
     72       -0.74230118541224       -0.04962765843936       -0.05377915602983        0.00036954508872       -0.00019899084094       -0.00021564230075
     73        0.74116596754552        0.05022288503284        0.05442419148476       -0.00038681594269        0.00019784978975        0.00021440616247
     73       -0.74116596754552       -0.05022288503285       -0.05442419148476        0.00038681594269       -0.00019784978975       -0.00021440616247
     74        0.73998028975609        0.05081475717787        0.05506559300464       -0.00040316092667        0.00019675670769        0.00021322201955
     74       -0.73998028975609       -0.05081475717788       -0.05506559300465        0.00040316092667       -0.00019675670769       -0.00021322201955
     75        0.73874700198552        0.05140342527897        0.05570352360203       -0.00041853281754        0.00019571524634        0.00021209382438
     75       -0.73874700198552       -0.05140342527897       -0.05570352360203        0.00041853281754       -0.00019571524634       -0.00021209382438
     76        0.73746909285082        0.05198904865589        0.05633815595091       -0.00043288641599        0.00019472922423        0.00021102572122
     76       -0.73746909285082       -0.05198904865589       -0.05633815595091        0.00043288641599       -0.00019472922423       -0.00021102572122
     77        0.73614968348956        0.05257180062436        0.05696967792938       -0.00044617847427        0.00019380431598        0.00021002387001
     77       -0.73614968348956       -0.05257180062436       -0.05696967792938        0.00044617847427       -0.00019380431598       -0.00021002387001
     78        0.73479202200522        0.05315187455179        0.05759829917099       -0.00045836749560        0.00019294689966        0.00020909518266
     78       -0.73479202200522       -0.05315187455180       -0.05759829917100        0.00045836749560       -0.00019294689966       -0.00020909518266
     79        0.73339947851595        0.05372948202231        0.05822424902531       -0.00046941364580        0.00019216202391        0.00020824511839
     79       -0.73339947851595       -0.05372948202232       -0.05822424902531        0.00046941364580       -0.00019216202391       -0.00020824511839
     80        0.73197554013044        0.05430484669522        0.05884776988136       -0.00047927904244        0.00019145349352        0.00020747779268
     80       -0.73197554013044       -0.05430484669523       -0.05884776988137        0.00047927904244       -0.00019145349352       -0.00020747779268
     81        0.73052380426129        0.05487820298343        0.05946911578140       -0.00048792856951        0.00019082556110        0.00020679782368
     81       -0.73052380426129       -0.05487820298343       -0.05946911578140        0.00048792856951       -0.00019082556110       -0.00020679782368
     82        0.72904796871337        0.05544980006185        0.06008855682342       -0.00049533077288        0.00019028350830        0.00020621095288
     82       -0.72904796871338       -0.05544980006186       -0.06008855682342        0.00049533077288       -0.00019028350830       -0.00020621095288
     83        0.72755181962402        0.05601990403323        0.06070638149865       -0.00050145784537        0.00018983260535        0.00020572289500
     83       -0.72755181962402       -0.05601990403324       -0.06070638149865        0.00050145784537       -0.00018983260535       -0.00020572289500
     84        0.72603922164114        0.05658879569393        0.06132289419340       -0.00050628433241        0.00018947742270        0.00020533858483
     84       -0.72603922164114       -0.05658879569393       -0.06132289419340        0.00050628433241       -0.00018947742270       -0.00020533858483
     85        0.72451411362957        0.05715676856944        0.06193841300760       -0.00050978582270        0.00018922226876        0.00020506267184
     85       -0.72451411362957       -0.05715676856945       -0.06193841300761        0.00050978582270       -0.00018922226876       -0.00020506267184
     86        0.72298050670492        0.05772412930650        0.06255327022443       -0.00051193952465        0.00018907127461        0.00020489963778
     86       -0.72298050670492       -0.05772412930651       -0.06255327022444        0.00051193952465       -0.00018907127461       -0.00020489963778
     87        0.72144247648169        0.05829119621707        0.06316781083427       -0.00051272689770        0.00018902756758        0.00020485290099
     87       -0.72144247648170       -0.05829119621708       -0.06316781083427        0.00051272689770       -0.00018902756758       -0.00020485290099
     88        0.71990414531871        0.05885829471197        0.06378238763036       -0.00051213609204        0.00018909335650        0.00020492487954
     88       -0.71990414531872       -0.05885829471198       -0.06378238763037        0.00051213609204       -0.00018909335650       -0.00020492487954
     89        0.71836965992947        0.05942575635606        0.06439736011150       -0.00051016192715        0.00018927183494        0.00020511902573
     89       -0.71836965992948       -0.05942575635607       -0.06439736011151        0.00051016192715       -0.00018927183494       -0.00020511902573
     90        0.71684317375583        0.05999392572159        0.06501310178474       -0.00050680385135        0.00018956837763        0.00020544112693
     90       -0.71684317375583       -0.05999392572159       -0.06501310178474        0.00050680385135       -0.00018956837763       -0.00020544112693
     91        0.71532883682138        0.06056316662187        0.06563000687309       -0.00050206453229        0.00018998840276        0.00020589702373
     91       -0.71532883682139       -0.06056316662188       -0.06563000687310        0.00050206453229       -0.00018998840276       -0.00020589702373
     92        0.71383078656206        0.06113385613813        0.06624848392710       -0.00049595072106        0.00019053380263        0.00020648877367
     92       -0.71383078656207       -0.06113385613814       -0.06624848392710        0.00049595072106       -0.00019053380263       -0.00020648877367
     93        0.71235313249500        0.06170636943765        0.06686893951511       -0.00048847518514        0.00019120261776        0.00020721429574
     93       -0.71235313249500       -0.06170636943766       -0.06686893951512        0.00048847518514       -0.00019120261777       -0.00020721429574
     94        0.71089993545122        0.06228107184472        0.06749176970155       -0.00047965734114        0.00019199293604        0.00020807156222
     94       -0.71089993545123       -0.06228107184473       -0.06749176970156        0.00047965734114       -0.00019199293604       -0.00020807156222
     95        0.70947518844818        0.06285832705391        0.06811736888841       -0.00046952175796        0.00019290654858        0.00020906252760
     95       -0.70947518844819       -0.06285832705392       -0.06811736888842        0.00046952175796       -0.00019290654858       -0.00020906252760
     96        0.70808280490348        0.06343851113619        0.06874614486718       -0.00045809561304        0.00019394833108        0.00021019245398
     96       -0.70808280490349       -0.06343851113619       -0.06874614486718        0.00045809561304       -0.00019394833108       -0.00021019245398
     97        0.70672661476996        0.06402201704037        0.06937852361229       -0.00044540642605        0.00019512289687        0.00021146630507
     97       -0.70672661476997       -0.06402201704038       -0.06937852361230        0.00044540642605       -0.00019512289687       -0.00021146630507
     98        0.70541036634716        0.06460924851743        0.07001494269761       -0.00043148066437        0.00019643278376        0.00021288680257
     98       -0.70541036634717       -0.06460924851743       -0.07001494269762        0.00043148066437       -0.00019643278376       -0.00021288680257
     99        0.70413773078372        0.06520061374296        0.07065584442768       -0.00041634358439        0.00019787899353        0.00021445501588
     99       -0.70413773078372       -0.06520061374297       -0.07065584442769        0.00041634358439       -0.00019787899353       -0.00021445501588
    100        0.70291230484084        0.06579652247860        0.07130167279290       -0.00040002063129        0.00019946102291        0.00021617039285
    100       -0.70291230484085       -0.06579652247861       -0.07130167279291        0.00040002063129       -0.00019946102291       -0.00021617039285
    101        0.70173760699595        0.06639737988044        0.07195286678475       -0.00038253986668        0.00020117520874        0.00021802896925
    101       -0.70173760699596       -0.06639737988045       -0.07195286678476        0.00038253986668       -0.00020117520874       -0.00021802896925
    102        0.70061706564074        0.06700357373102        0.07260984660838       -0.00036393398913        0.00020301401469        0.00022002260110
    102       -0.70061706564075       -0.06700357373103       -0.07260984660838        0.00036393398913       -0.00020301401469       -0.00022002260110
    103        0.69955400306115        0.06761546396859        0.07327300239137       -0.00034424122723        0.00020496829180        0.00022214140679
    103       -0.69955400306116       -0.06761546396860       -0.07327300239138        0.00034424122723       -0.00020496829180       -0.00022214140679
    104        0.69855161827734        0.06823338348184        0.07394269504912       -0.00032350619736        0.00020703026431        0.00022437698342
    104       -0.69855161827735       -0.06823338348185       -0.07394269504913        0.00032350619736       -0.00020703026431       -0.00022437698342
    105        0.69761296587700        0.06885764555447        0.07461926429191       -0.00030178209911        0.00020919381833        0.00022672270972
    105       -0.69761296587701       -0.06885764555448       -0.07461926429192        0.00030178209911       -0.00020919381833       -0.00022672270972
    106        0.69674092568270        0.06948854639184        0.07530303130747       -0.00027913356966        0.00021145262396        0.00022917172317
    106       -0.69674092568270       -0.06948854639185       -0.07530303130748        0.00027913356966       -0.00021145262396       -0.00022917172317
    107        0.69593816445907        0.07012636129820        0.07599429463095       -0.00025563790939        0.00021379965220        0.00023171641314
    107       -0.69593816445907       -0.07012636129821       -0.07599429463096        0.00025563790939       -0.00021379965220       -0.00023171641314
    108        0.69520709822636        0.07077134430507        0.07669332978633       -0.00023138375212        0.00021622908573        0.00023435048686
    108       -0.69520709822636       -0.07077134430508       -0.07669332978634        0.00023138375212       -0.00021622908573       -0.00023435048686
    109        0.69454986194634        0.07142373581256        0.07740039755209       -0.00020646885148        0.00021873750951        0.00023707023897
    109       -0.69454986194635       -0.07142373581257       -0.07740039755209        0.00020646885148       -0.00021873750951       -0.00023707023897
    110        0.69396828511745        0.07208376936215        0.07811575122013       -0.00018099873552        0.00022132206954        0.00023987255142
    110       -0.69396828511746       -0.07208376936216       -0.07811575122014        0.00018099873552       -0.00022132206954       -0.00023987255142
    111        0.69346386953320        0.07275166822982        0.07883963286058       -0.00015508542445        0.00022397781519        0.00024275203741
    111       -0.69346386953320       -0.07275166822983       -0.07883963286059        0.00015508542445       -0.00022397781519       -0.00024275203741
    112        0.69303777257075        0.07342763625331        0.07957226344460       -0.00012884419890        0.00022669770354        0.00024570106859
    112       -0.69303777257076       -0.07342763625332       -0.07957226344461        0.00012884419890       -0.00022669770354       -0.00024570106859
    113        0.69269080433982        0.07411185445109        0.08031383927211       -0.00010238874613        0.00022947477565        0.00024871212130
    113       -0.69269080433983       -0.07411185445110       -0.08031383927212        0.00010238874613       -0.00022947477565       -0.00024871212130
    114        0.69242344009398        0.07480448490721        0.08106453617240       -0.00007582771789        0.00023230287118        0.00025177851824
    114       -0.69242344009399       -0.07480448490722       -0.08106453617241        0.00007582771789       -0.00023230287118       -0.00025177851824
    115        0.69223583803249        0.07550567167815        0.08182451038153       -0.00004926463923        0.00023517464796        0.00025489227485
    115       -0.69223583803250       -0.07550567167817       -0.08182451038154        0.00004926463923       -0.00023517464796       -0.00025489227485
    116        0.69212785225862        0.07621553279498        0.08259388982151       -0.00002279930321        0.00023807984682        0.00025804225094
    116       -0.69212785225863       -0.07621553279499       -0.08259388982152        0.00002279930321       -0.00023807984682       -0.00025804225094
    117        0.69209904221323        0.07693415075908        0.08337276388714        0.00000347257248        0.00024100635874        0.00026121533667
    117       -0.69209904221324       -0.07693415075910       -0.08337276388715       -0.00000347257248       -0.00024100635874       -0.00026121533667
    118        0.69214868769348        0.07766157094740        0.08416118184154        0.00002946161651        0.00024394246960        0.00026439887092
    118       -0.69214868769349       -0.07766157094742       -0.08416118184155       -0.00002946161651       -0.00024394246960       -0.00026439887092
    119        0.69227581191231        0.07839780557669        0.08495915711266        0.00005508594047        0.00024687712103        0.00026758088311
    119       -0.69227581191232       -0.07839780557670       -0.08495915711267       -0.00005508594047       -0.00024687712103       -0.00026758088311
    120        0.69247920333627        0.07914283367359        0.08576666714018        0.00008026911796        0.00024979830414        0.00027074833916
    120       -0.69247920333628       -0.07914283367360       -0.08576666714019       -0.00008026911796       -0.00024979830414       -0.00027074833916
    121        0.69275742662005        0.07989659540153        0.08658364714764        0.00010493687227        0.00025269258423        0.00027388665657
    121       -0.69275742662006       -0.07989659540154       -0.08658364714766       -0.00010493687227       -0.00025269258423       -0.00027388665657
    122        0.69310882456988        0.08065898917900        0.08740998707961        0.00012901579742        0.00025554683696        0.00027698161708
    122       -0.69310882456989       -0.08065898917901       -0.08740998707962       -0.00012901579742       -0.00025554683696       -0.00027698161708
    123        0.69353152140460        0.08142987642326        0.08824553685014        0.00015243468506        0.00025834963356        0.00028002085997
    123       -0.69353152140461       -0.08142987642327       -0.08824553685015       -0.00015243468506       -0.00025834963356       -0.00028002085997
    124        0.69402343268022        0.08220908698034        0.08909011223944        0.00017512596074        0.00026109001451        0.00028299252184
    124       -0.69402343268023       -0.08220908698036       -0.08909011223945       -0.00017512596074       -0.00026109001451       -0.00028299252184
    125        0.69458227716904        0.08299641651033        0.08994349198119        0.00019702528188        0.00026375527459        0.00028588282725
    125       -0.69458227716905       -0.08299641651035       -0.08994349198120       -0.00019702528188       -0.00026375527459       -0.00028588282725
    126        0.69520558437153        0.08379161862786        0.09080540920295        0.00021807027224        0.00026633113176        0.00028867629357
    126       -0.69520558437154       -0.08379161862788       -0.09080540920296       -0.00021807027224       -0.00026633113176       -0.00028867629357
    127        0.69589069880248        0.08459440330088        0.09167554974263        0.00023820046653        0.00026880472184        0.00029135899294
    127       -0.69589069880249       -0.08459440330089       -0.09167554974265       -0.00023820046653       -0.00026880472184       -0.00029135899294
    128        0.69663478717073        0.08540444695889        0.09255356316059        0.00025735858176        0.00027116733179        0.00029392150057
    128       -0.69663478717074       -0.08540444695890       -0.09255356316061       -0.00025735858176       -0.00027116733179       -0.00029392150057
    129        0.69743485029306        0.08622140729161        0.09343907874604        0.00027549123176        0.00027341417074        0.00029635862225
    129       -0.69743485029307       -0.08622140729162       -0.09343907874605       -0.00027549123176       -0.00027341417074       -0.00029635862225
    130        0.69828773456126        0.08704493198335        0.09433171489411        0.00029254791203        0.00027554164854        0.00029866644194
    130       -0.69828773456127       -0.08704493198336       -0.09433171489412       -0.00029254791203       -0.00027554164854       -0.00029866644194
    131        0.69919013776524        0.08787465718286        0.09523107739767        0.00030847940151        0.00027754434823        0.00030083905777
    131       -0.69919013776525       -0.08787465718287       -0.09523107739768       -0.00030847940151       -0.00027754434823       -0.00030083905777
    132        0.70013861097034        0.08871019807274        0.09613674924072        0.00032323758300        0.00027941302117        0.00030286642276
    132       -0.70013861097035       -0.08871019807276       -0.09613674924073       -0.00032323758300       -0.00027941302117       -0.00030286642276
    133        0.70112956326322        0.08955113530988        0.09704827593422        0.00033677716635        0.00028113398219        0.00030473369382
    133       -0.70112956326323       -0.08955113530990       -0.09704827593424       -0.00033677716635       -0.00028113398219       -0.00030473369382
    134        0.70215927396844        0.09039700196589        0.09796515140361        0.00034905792630        0.00028269054113        0.00030642279438
    134       -0.70215927396845       -0.09039700196590       -0.09796515140362       -0.00034905792630       -0.00028269054113       -0.00030642279438
    135        0.70322391082104        0.09124727855669        0.09888681270051        0.00036004590168        0.00028406689844        0.00030791665353
    135       -0.70322391082105       -0.09124727855670       -0.09888681270053       -0.00036004590168       -0.00028406689844       -0.00030791665353
    136        0.70431954937852        0.09210140335653        0.09981265132482        0.00036971335826        0.00028525315706        0.00030920463242
    136       -0.70431954937853       -0.09210140335654       -0.09981265132483       -0.00036971335826       -0.00028525315706       -0.00030920463242
    137        0.70544219097057        0.09295879749902        0.10074204049502        0.00037803851863        0.00028624868397        0.00031028612342
    137       -0.70544219097058       -0.09295879749904       -0.10074204049503       -0.00037803851863       -0.00028624868397       -0.00031028612342
    138        0.70658778049029        0.09381889546035        0.10167436806531        0.00038500603536        0.00028706209291        0.00031117047777
    138       -0.70658778049030       -0.09381889546037       -0.10167436806532       -0.00038500603536       -0.00028706209291       -0.00031117047777
    139        0.70775222718275        0.09468117005651        0.10260906336164        0.00039060822244        0.00028770847408        0.00031187398632
    139       -0.70775222718277       -0.09468117005653       -0.10260906336165       -0.00039060822244       -0.00028770847408       -0.00031187398632
    140        0.70893142982491        0.09554514630481        0.10354561198322        0.00039484610010        0.00028820539373        0.00031241557493
    140       -0.70893142982492       -0.09554514630483       -0.10354561198324       -0.00039484610010       -0.00028820539373       -0.00031241557493
    141        0.71012130378335        0.09641040241889        0.10448355681122        0.00039772907460        0.00028856830525        0.00031281187874
    141       -0.71012130378336       -0.09641040241891       -0.10448355681124       -0.00039772907460       -0.00028856830525       -0.00031281187874
    142        0.71131780427252        0.09727655613628        0.10542248325568        0.00039927272374        0.00028880562735        0.00031307194040
    142       -0.71131780427253       -0.09727655613630       -0.10542248325569       -0.00039927272374       -0.00028880562735       -0.00031307194040
    143        0.71251694012581        0.09814323618302        0.10636198845362        0.00039949522455        0.00028891488134        0.00031319303607
    143       -0.71251694012582       -0.09814323618304       -0.10636198845364       -0.00039949522455       -0.00028891488134       -0.00031319303607
    144        0.71371477561982        0.09901004542433        0.10730164147211        0.00039841362080        0.00028888202965        0.00031315996078
    144       -0.71371477561983       -0.09901004542435       -0.10730164147213       -0.00039841362080       -0.00028888202965       -0.00031315996078
    145        0.71490742185062        0.09987652836090        0.10824094821829        0.00039604094889        0.00028868471244        0.00031294853082
    145       -0.71490742185064       -0.09987652836092       -0.10824094821830       -0.00039604094889       -0.00028868471244       -0.00031294853082
    146        0.71609102131314        0.10074215369896        0.10917933265701        0.00039238466243        0.00028829764663        0.00031253142265
    146       -0.71609102131316       -0.10074215369898       -0.10917933265703       -0.00039238466243       -0.00028829764663       -0.00031253142265
    147        0.71726172982521        0.10160631424069        0.11011613675421        0.00038744657858        0.00028769765384        0.00031188360827
    147       -0.71726172982522       -0.10160631424071       -0.11011613675423       -0.00038744657858       -0.00028769765384       -0.00031188360827
    148        0.71841570078463        0.10246833962199        0.11105063430660        0.00038122474746        0.00028686709389        0.00031098606198
    148       -0.71841570078465       -0.10246833962201       -0.11105063430662       -0.00038122474746       -0.00028686709389       -0.00031098606198
    149        0.71954907830997        0.10332751680403        0.11198205312610        0.00037371744303        0.00028579594538        0.00030982799007
    149       -0.71954907830998       -0.10332751680405       -0.11198205312612       -0.00037371744303       -0.00028579594538       -0.00030982799007
    150        0.72065800544283        0.10418311529425        0.11290960224703        0.00036492844665        0.00028448294624        0.00030840803199
    150       -0.72065800544285       -0.10418311529427       -0.11290960224705       -0.00036492844665       -0.00028448294624       -0.00030840803199
    151        0.72173864898989        0.10503441448150        0.11383250131805        0.00035487170637        0.00028293571165        0.00030673437602
    151       -0.72173864898990       -0.10503441448151       -0.11383250131807       -0.00035487170637       -0.00028293571165       -0.00030673437602
    152        0.72278723568106        0.10588072956417        0.11475000850313        0.00034357354082        0.00028116967982        0.00030482365916
    152       -0.72278723568107       -0.10588072956419       -0.11475000850315       -0.00034357354082       -0.00028116967982       -0.00030482365916
    153        0.72380009023483        0.10672143256039        0.11566144327301        0.00033107203421        0.00027920600255        0.00030269875447
    153       -0.72380009023484       -0.10672143256041       -0.11566144327303       -0.00033107203421       -0.00027920600255       -0.00030269875447
    154        0.72477366788630        0.10755596557944        0.11656620102993        0.00031741495270        0.00027706854109        0.00030038554728
    154       -0.72477366788631       -0.10755596557946       -0.11656620102995       -0.00031741495270       -0.00027706854109       -0.00030038554728
    155        0.72570457995103        0.10838384380694        0.11746375655666        0.00030265797654        0.00027478023112        0.00029790894579
    155       -0.72570457995104       -0.10838384380696       -0.11746375655668       -0.00030265797654       -0.00027478023112       -0.00029790894579
    156        0.72658961574552        0.10920464696615        0.11835365470466        0.00028686398055        0.00027235974510        0.00029528917979
    156       -0.72658961574553       -0.10920464696617       -0.11835365470468       -0.00028686398055       -0.00027235974510       -0.00029528917979
    157        0.72742576383430        0.11001800227751        0.11923549163541        0.00027010253200        0.00026981997113        0.00029254012178
    157       -0.72742576383432       -0.11001800227753       -0.11923549163543       -0.00027010253200       -0.00026981997113       -0.00029254012178
    158        0.72821023093752        0.11082356679290        0.12010889543532        0.00025244811126        0.00026716912751        0.00028967054930
    158       -0.72821023093754       -0.11082356679292       -0.12010889543534       -0.00025244811126       -0.00026716912751       -0.00028967054930
    159        0.72894045250187        0.11162101704255        0.12097351493123        0.00023397643442        0.00026441347839        0.00028668717509
    159       -0.72894045250188       -0.11162101704257       -0.12097351493125       -0.00023397643442       -0.00026441347839       -0.00028668717509
    160        0.72961408954403        0.11241004766326        0.12182901848584        0.00021476002281        0.00026155937296        0.00028359690812
    160       -0.72961408954405       -0.11241004766328       -0.12182901848586       -0.00021476002281       -0.00026155937296       -0.00028359690812
    161        0.73022901263873        0.11319037328030        0.12267509637994        0.00019486527988        0.00025861301609        0.00028040659817
    161       -0.73022901263875       -0.11319037328032       -0.12267509637996       -0.00019486527988       -0.00025861301609       -0.00028040659817
    162        0.73078328122332        0.11396172575977        0.12351145807484        0.00017435257900        0.00025557828014        0.00027712061332
    162       -0.73078328122333       -0.11396172575979       -0.12351145807486       -0.00017435257900       -0.00025557828014       -0.00027712061332
    163        0.73127512811275        0.11472384296112        0.12433782005984        0.00015327863908        0.00025245425177        0.00027373810276
    163       -0.73127512811276       -0.11472384296114       -0.12433782005986       -0.00015327863908       -0.00025245425177       -0.00027373810276
    164        0.73170295305781        0.11547645127042        0.12515388669139        0.00013169877516        0.00024923428722        0.00027025189083
    164       -0.73170295305783       -0.11547645127044       -0.12515388669141       -0.00013169877516       -0.00024923428722       -0.00027025189083
    165        0.73206532076370        0.11621924868447        0.12595933140482        0.00010966720764        0.00024590758745        0.00026665014818
    165       -0.73206532076371       -0.11621924868449       -0.12595933140484       -0.00010966720764       -0.00024590758745       -0.00026665014818
    166        0.73236095630367        0.11695189679510        0.12675378758048        0.00008723594264        0.00024246325686        0.00026292084347
    166       -0.73236095630369       -0.11695189679513       -0.12675378758050       -0.00008723594264       -0.00024246325686       -0.00026292084347
    167        0.73258873641955        0.11767402822565        0.12753685646563        0.00006445428269        0.00023889561994        0.00025905762521
    167       -0.73258873641957       -0.11767402822567       -0.12753685646565       -0.00006445428269       -0.00023889561994       -0.00025905762521
    168        0.73274768199980        0.11838527051474        0.12830813333172        0.00004137014189        0.00023520861076        0.00025506468458
    168       -0.73274768199981       -0.11838527051477       -0.12830813333175       -0.00004137014189       -0.00023520861076       -0.00025506468458
    169        0.73283695727089        0.11908527989020        0.12906724457310        0.00001803222745        0.00023141711589        0.00025095823948
    169       -0.73283695727091       -0.11908527989022       -0.12906724457312       -0.00001803222745       -0.00023141711589       -0.00025095823948
    170        0.73285587536448        0.11977377321009        0.12981388276861       -0.00000550863627        0.00022754452964        0.00024676384464
    170       -0.73285587536450       -0.11977377321012       -0.12981388276863        0.00000550863627       -0.00022754452964       -0.00024676384464
    171        0.73280390545328        0.12045054706803        0.13054782764096       -0.00002919952792        0.00022361761144        0.00024251074992
    171       -0.73280390545330       -0.12045054706805       -0.13054782764098        0.00002919952792       -0.00022361761144       -0.00024251074992
    172        0.73268067819696        0.12111547887876        0.13126894726814       -0.00005298592066        0.00021966076757        0.00023822562378
    172       -0.73268067819698       -0.12111547887879       -0.13126894726816        0.00005298592066       -0.00021966076757       -0.00023822562378
    173        0.73248598992931        0.12176851167347        0.13197718138362       -0.00007681206809        0.00021569167938        0.00023392773113
    173       -0.73248598992933       -0.12176851167349       -0.13197718138365        0.00007681206809       -0.00021569167938       -0.00023392773113
    174        0.73221980578844        0.12240962895505        0.13267251365492       -0.00010062189035        0.00021171930529        0.00022962671875
    174       -0.73221980578846       -0.12240962895507       -0.13267251365494        0.00010062189035       -0.00021171930529       -0.00022962671875
    175        0.73188225858718        0.12303882750519        0.13335494169613       -0.00012436097505        0.00020774440035        0.00022532321640
    175       -0.73188225858721       -0.12303882750521       -0.13335494169616        0.00012436097505       -0.00020774440035       -0.00022532321640
    176        0.73147363993812        0.12365609535715        0.13402445295334       -0.00014797887868        0.00020376213665        0.00022101178649
    176       -0.73147363993814       -0.12365609535717       -0.13402445295336        0.00014797887868       -0.00020376213666       -0.00022101178649
    177        0.73099438531512        0.12426140032512        0.13468101241509       -0.00017142999445        0.00019976612793        0.00021668537251
    177       -0.73099438531514       -0.12426140032514       -0.13468101241511        0.00017142999445       -0.00019976612794       -0.00021668537251
    178        0.73044505997144        0.12485469212476        0.13532456518837       -0.00019467216964        0.00019575295551        0.00021234019737
    178       -0.73044505997146       -0.12485469212478       -0.13532456518840        0.00019467216964       -0.00019575295551       -0.00021234019737
    179        0.72982635229730        0.12543591805820        0.13595505359929       -0.00021766386883        0.00019172599200        0.00020797985141
    179       -0.72982635229732       -0.12543591805822       -0.13595505359931        0.00021766386883       -0.00019172599200       -0.00020797985141
    180        0.72913907675847        0.12600504807676        0.13657244429682       -0.00024036115900        0.00018769717312        0.00020361720894
    180       -0.72913907675849       -0.12600504807678       -0.13657244429685        0.00024036115900       -0.00018769717312       -0.00020361720894
    181        0.72838418534331        0.12656210109692        0.13717675685293       -0.00026271519108        0.00018368602889        0.00019927344809
    181       -0.72838418534333       -0.12656210109695       -0.13717675685296        0.00026271519108       -0.00018368602889       -0.00019927344809
    182        0.72756278561197        0.12710716425009        0.13776808498536       -0.00028467059751        0.00017971683946        0.00019497501940
    182       -0.72756278561199       -0.12710716425012       -0.13776808498538        0.00028467059751       -0.00017971683946       -0.00019497501940
    183        0.72667616175826        0.12764040213365        0.13834660696935       -0.00030616554721        0.00017581593746        0.00019075066856
    183       -0.72667616175829       -0.12764040213368       -0.13834660696938        0.00030616554721       -0.00017581593746       -0.00019075066856
    184        0.72572579232873        0.12816205987484        0.13891258899669       -0.00032713378139        0.00017201040266        0.00018662989829
    184       -0.72572579232875       -0.12816205987487       -0.13891258899672        0.00032713378139       -0.00017201040266       -0.00018662989829
    185        0.72471335906993        0.12867246454959        0.13946638635909       -0.00034750748164        0.00016832721044        0.00018264197037
    185       -0.72471335906996       -0.12867246454962       -0.13946638635911        0.00034750748164       -0.00016832721044       -0.00018264197037
    186        0.72364074743888        0.12917202313747        0.14000844081889       -0.00036721913955        0.00016479099197        0.00017881351638
    186       -0.72364074743891       -0.12917202313750       -0.14000844081892        0.00036721913955       -0.00016479099197       -0.00017881351638
    187        0.72251004423265        0.12966121050139        0.14053926745738       -0.00038620207341        0.00016142051736        0.00017516482716
    187       -0.72251004423267       -0.12966121050142       -0.14053926745741        0.00038620207341       -0.00016142051736       -0.00017516482716
    188        0.72132353499841        0.13014054624166        0.14105942978186       -0.00040439120822        0.00015822660631        0.00017170764962
    188       -0.72132353499843       -0.13014054624169       -0.14105942978189        0.00040439120822       -0.00015822660631       -0.00017170764962
    189        0.72008369698334        0.13061057013923        0.14156951335510       -0.00042172538674        0.00015521368490        0.00016844684455
    189       -0.72008369698337       -0.13061057013926       -0.14156951335512        0.00042172538674       -0.00015521368490       -0.00016844684455
    190        0.71879318267797        0.13107182835108        0.14207011084915       -0.00043815001364        0.00015238354239        0.00016538437373
    190       -0.71879318267799       -0.13107182835111       -0.14207011084918        0.00043815001364       -0.00015238354239       -0.00016538437373
    191        0.71745479690150        0.13152487139357        0.14256181959749       -0.00045361765371        0.00014973741863        0.00016252150922
    191       -0.71745479690153       -0.13152487139360       -0.14256181959752        0.00045361765371       -0.00014973741863       -0.00016252150922
    192        0.71607147675570        0.13197025286285        0.14304523990449       -0.00046808619473        0.00014727483099        0.00015985760415
    192       -0.71607147675573       -0.13197025286289       -0.14304523990452        0.00046808619473       -0.00014727483099       -0.00015985760415
    193        0.71464627973313        0.13240852037954        0.14352096522240       -0.00048151677270        0.00014499199873        0.00015738849858
    193       -0.71464627973315       -0.13240852037957       -0.14352096522242        0.00048151677270       -0.00014499199873       -0.00015738849858
    194        0.71318237611948        0.13284020485522        0.14398957089597       -0.00049387327652        0.00014288356799        0.00015510845864
    194       -0.71318237611951       -0.13284020485525       -0.14398957089600        0.00049387327652       -0.00014288356799       -0.00015510845864
    195        0.71168304007401        0.13326582178751        0.14445161597422       -0.00050512249085        0.00014094714659        0.00015301501430
    195       -0.71168304007403       -0.13326582178754       -0.14445161597425        0.00050512249085       -0.00014094714659       -0.00015301501430
    196        0.71015164117440        0.13368588773475        0.14490766098177       -0.00051523286517        0.00013918613815        0.00015111185728
    196       -0.71015164117442       -0.13368588773478       -0.14490766098180        0.00051523286517       -0.00013918613815       -0.00015111185728
    197        0.70859164288297        0.13410093861640        0.14535828711790       -0.00052417220172        0.00013760781903        0.00014940668288
    197       -0.70859164288300       -0.13410093861644       -0.14535828711793        0.00052417220172       -0.00013760781903       -0.00014940668288
    198        0.70700660796409        0.13451153464893        0.14580410107908       -0.00053190694198        0.00013621892101        0.00014790656341
    198       -0.70700660796412       -0.13451153464897       -0.14580410107911        0.00053190694198       -0.00013621892101       -0.00014790656341
    199        0.70540020123111        0.13491825214249        0.14624572649836       -0.00053840452798        0.00013502364531        0.00014661606356
    199       -0.70540020123113       -0.13491825214252       -0.14624572649839        0.00053840452798       -0.00013502364531       -0.00014661606356
    200        0.70377618079620        0.13532167652079        0.14668379746042       -0.00054363681399        0.00013402596727        0.00014553981279
    200       -0.70377618079623       -0.13532167652083       -0.14668379746045        0.00054363681399       -0.00013402596727       -0.00014553981279
