         1  0.00000206  597.635    -11.7061441950    -11.6976274913    -11.6976254279   0.203708E-04     3.25
         2  0.00002796  588.031    -11.7060291993    -11.6976493692    -11.6976214107   0.810599E-04     3.15
         3  0.00010932  572.943    -11.7058932354    -11.6977284171    -11.6976190946   0.180762E-03     3.10
         4  0.00025047  554.653    -11.7057733349    -11.6978691527    -11.6976186794   0.317560E-03     3.08
         5  0.00043092  535.310    -11.7056780404    -11.6980495187    -11.6976185979   0.489310E-03     3.09
         6  0.00062998  516.486    -11.7056088931    -11.6982486167    -11.6976186388   0.693950E-03     3.10
         7  0.00083354  499.077    -11.7055648816    -11.6984527056    -11.6976191646   0.929664E-03     3.09
         8  0.00102911  483.443    -11.7055382214    -11.6986488407    -11.6976197308   0.119492E-02     3.13
         9  0.00120725  469.662    -11.7055202622    -11.6988272628    -11.6976200083   0.148845E-02     3.13
        10  0.00136304  457.724    -11.7055061971    -11.6989833262    -11.6976202849   0.180924E-02     3.11
        11  0.00149233  447.604    -11.7054915710    -11.6991129197    -11.6976205907   0.215654E-02     3.03
        12  0.00159159  439.244    -11.7054717956    -11.6992122753    -11.6976206878   0.252989E-02     3.16
        13  0.00166102  432.506    -11.7054452008    -11.6992817005    -11.6976206819   0.292907E-02     3.07
        14  0.00170375  427.157    -11.7054117351    -11.6993244646    -11.6976207147   0.335406E-02     3.12
        15  0.00172369  422.908    -11.7053710632    -11.6993443397    -11.6976206498   0.380495E-02     3.06
        16  0.00172582  419.482    -11.7053242091    -11.6993463136    -11.6976204957   0.428185E-02     3.15
        17  0.00171529  416.659    -11.7052734000    -11.6993357286    -11.6976204354   0.478484E-02     3.16
        18  0.00169532  414.289    -11.7052196466    -11.6993157489    -11.6976204263   0.531398E-02     3.17
        19  0.00166787  412.260    -11.7051632230    -11.6992882357    -11.6976203640   0.586930E-02     3.15
        20  0.00163526  410.466    -11.7051050177    -11.6992556008    -11.6976203425   0.645076E-02     3.06
        21  0.00159946  408.788    -11.7050453543    -11.6992198501    -11.6976203886   0.705827E-02     3.06
        22  0.00156167  407.109    -11.7049836398    -11.6991820619    -11.6976203882   0.769159E-02     3.06
        23  0.00152313  405.338    -11.7049198339    -11.6991434956    -11.6976203683   0.835040E-02     3.07
        24  0.00148462  403.427    -11.7048541360    -11.6991050312    -11.6976204105   0.903425E-02     3.02
        25  0.00144574  401.369    -11.7047859556    -11.6990661783    -11.6976204357   0.974261E-02     3.08
        26  0.00140597  399.180    -11.7047149455    -11.6990263662    -11.6976203930   0.104749E-01     3.04
        27  0.00136554  396.879    -11.7046416927    -11.6989858957    -11.6976203603   0.112307E-01     3.10
        28  0.00132471  394.486    -11.7045667304    -11.6989450390    -11.6976203308   0.120091E-01     3.07
        29  0.00128377  392.023    -11.7044906045    -11.6989040120    -11.6976202406   0.128097E-01     3.14
        30  0.00124348  389.528    -11.7044146705    -11.6988636322    -11.6976201485   0.136318E-01     3.12
        31  0.00120441  387.056    -11.7043403242    -11.6988245196    -11.6976201060   0.144746E-01     3.12
        32  0.00116649  384.668    -11.7042683145    -11.6987865400    -11.6976200521   0.153376E-01     3.17
        33  0.00112980  382.419    -11.7041995077    -11.6987497795    -11.6976199840   0.162203E-01     3.13
        34  0.00109477  380.346    -11.7041349220    -11.6987147331    -11.6976199640   0.171222E-01     3.33
        35  0.00106156  378.467    -11.7040749219    -11.6986815167    -11.6976199606   0.180427E-01     3.14
        36  0.00103024  376.786    -11.7040196154    -11.6986501670    -11.6976199294   0.189816E-01     3.10
        37  0.00100118  375.304    -11.7039694336    -11.6986211023    -11.6976199186   0.199384E-01     3.08
        38  0.00097453  374.022    -11.7039245332    -11.6985944675    -11.6976199367   0.209128E-01     3.37
        39  0.00095013  372.940    -11.7038846963    -11.6985700521    -11.6976199261   0.219046E-01     3.00
        40  0.00092818  372.052    -11.7038500789    -11.6985480858    -11.6976199027   0.229135E-01     3.01
        41  0.00090914  371.348    -11.7038210116    -11.6985290506    -11.6976199084   0.239393E-01     3.05
        42  0.00089318  370.815    -11.7037974540    -11.6985130909    -11.6976199062   0.249819E-01     3.08
        43  0.00088052  370.443    -11.7037794573    -11.6985004023    -11.6976198810   0.260411E-01     3.23
        44  0.00087149  370.227    -11.7037673570    -11.6984913743    -11.6976198816   0.271166E-01     2.97
        45  0.00086606  370.171    -11.7037611459    -11.6984859640    -11.6976199010   0.282083E-01     3.06
        46  0.00086393  370.280    -11.7037605609    -11.6984838280    -11.6976198995   0.293160E-01     3.14
        47  0.00086497  370.559    -11.7037655911    -11.6984848773    -11.6976199057   0.304396E-01     3.22
        48  0.00086899  371.013    -11.7037761104    -11.6984889338    -11.6976199406   0.315790E-01     3.22
        49  0.00087549  371.643    -11.7037916086    -11.6984954500    -11.6976199630   0.327338E-01     3.07
        50  0.00088405  372.453    -11.7038117210    -11.6985040177    -11.6976199716   0.339041E-01     3.19
        51  0.00089438  373.447    -11.7038362551    -11.6985143819    -11.6976200020   0.350895E-01     3.23
        52  0.00090597  374.631    -11.7038647468    -11.6985260012    -11.6976200310   0.362900E-01     3.29
        53  0.00091833  376.010    -11.7038967592    -11.6985383617    -11.6976200342   0.375055E-01     3.08
        54  0.00093126  377.589    -11.7039322016    -11.6985513079    -11.6976200439   0.387358E-01     2.98
        55  0.00094456  379.370    -11.7039709058    -11.6985646252    -11.6976200677   0.399809E-01     3.15
        56  0.00095788  381.356    -11.7040125277    -11.6985779478    -11.6976200725   0.412408E-01     3.22
        57  0.00097112  383.545    -11.7040569664    -11.6985911886    -11.6976200721   0.425155E-01     3.14
        58  0.00098428  385.933    -11.7041041822    -11.6986043716    -11.6976200937   0.438051E-01     2.99
        59  0.00099719  388.512    -11.7041538560    -11.6986173015    -11.6976201092   0.451098E-01     3.11
        60  0.00100981  391.268    -11.7042057466    -11.6986299189    -11.6976201091   0.464298E-01     3.06
        61  0.00102228  394.185    -11.7042598096    -11.6986424093    -11.6976201250   0.477653E-01     3.12
        62  0.00103463  397.245    -11.7043157888    -11.6986547849    -11.6976201515   0.491167E-01     3.06
        63  0.00104680  400.426    -11.7043732914    -11.6986669594    -11.6976201596   0.504844E-01     3.12
        64  0.00105894  403.703    -11.7044321483    -11.6986791117    -11.6976201698   0.518689E-01     3.20
        65  0.00107124  407.050    -11.7044921677    -11.6986914367    -11.6976201956   0.532707E-01     3.27
        66  0.00108374  410.438    -11.7045529614    -11.6987039515    -11.6976202105   0.546903E-01     3.11
        67  0.00109659  413.839    -11.7046142843    -11.6987168035    -11.6976202184   0.561283E-01     3.04
        68  0.00110994  417.229    -11.7046759805    -11.6987301888    -11.6976202448   0.575853E-01     3.17
        69  0.00112373  420.586    -11.7047376429    -11.6987440049    -11.6976202745   0.590619E-01     3.23
        70  0.00113777  423.892    -11.7047988053    -11.6987580594    -11.6976202918   0.605589E-01     3.28
        71  0.00115200  427.127    -11.7048591625    -11.6987723138    -11.6976203162   0.620767E-01     3.12
        72  0.00116631  430.273    -11.7049183332    -11.6987866586    -11.6976203464   0.636162E-01     3.12
        73  0.00118053  433.310    -11.7049758577    -11.6988008992    -11.6976203659   0.651780E-01     3.18
        74  0.00119456  436.223    -11.7050314135    -11.6988149472    -11.6976203897   0.667627E-01     3.25
        75  0.00120817  438.998    -11.7050846115    -11.6988286030    -11.6976204328   0.683710E-01     3.14
        76  0.00122092  441.623    -11.7051348155    -11.6988413864    -11.6976204659   0.700034E-01     2.97
        77  0.00123247  444.090    -11.7051815202    -11.6988529476    -11.6976204794   0.716606E-01     2.99
        78  0.00124272  446.383    -11.7052244779    -11.6988632235    -11.6976205010   0.733432E-01     3.06
        79  0.00125157  448.488    -11.7052633520    -11.6988720976    -11.6976205257   0.750517E-01     3.13
        80  0.00125890  450.389    -11.7052977716    -11.6988794312    -11.6976205353   0.767868E-01     2.99
        81  0.00126471  452.070    -11.7053275599    -11.6988852567    -11.6976205471   0.785490E-01     3.12
        82  0.00126898  453.521    -11.7053525203    -11.6988895460    -11.6976205675   0.803386E-01     3.21
        83  0.00127156  454.731    -11.7053723524    -11.6988921366    -11.6976205741   0.821564E-01     3.36
        84  0.00127248  455.690    -11.7053869427    -11.6988930513    -11.6976205708   0.840026E-01     3.15
        85  0.00127189  456.389    -11.7053963146    -11.6988924678    -11.6976205773   0.858777E-01     3.11
        86  0.00126988  456.815    -11.7054003769    -11.6988904590    -11.6976205797   0.877821E-01     3.19
        87  0.00126657  456.959    -11.7053991003    -11.6988871334    -11.6976205671   0.897163E-01     3.16
        88  0.00126217  456.815    -11.7053926551    -11.6988827337    -11.6976205592   0.916804E-01     3.13
        89  0.00125682  456.385    -11.7053811613    -11.6988773729    -11.6976205558   0.936749E-01     3.08
        90  0.00125051  455.672    -11.7053646903    -11.6988710527    -11.6976205378   0.956999E-01     3.12
        91  0.00124342  454.685    -11.7053435051    -11.6988639363    -11.6976205165   0.977556E-01     3.12
        92  0.00123572  453.431    -11.7053179175    -11.6988562256    -11.6976205054   0.998422E-01     3.11
        93  0.00122749  451.918    -11.7052881146    -11.6988479783    -11.6976204876   0.101960E+00     3.08
        94  0.00121883  450.160    -11.7052543742    -11.6988392925    -11.6976204598   0.104109E+00     3.10
        95  0.00120988  448.174    -11.7052171062    -11.6988303231    -11.6976204402   0.106289E+00     3.09
        96  0.00120063  445.984    -11.7051766185    -11.6988210509    -11.6976204221   0.108500E+00     3.05
        97  0.00119101  443.614    -11.7051332027    -11.6988114002    -11.6976203917   0.110742E+00     3.15
        98  0.00118109  441.092    -11.7050873094    -11.6988014539    -11.6976203640   0.113016E+00     3.05
        99  0.00117094  438.441    -11.7050393560    -11.6987912820    -11.6976203452   0.115320E+00     3.14
       100  0.00116054  435.685    -11.7049896496    -11.6987808531    -11.6976203174   0.117655E+00     3.02
       101  0.00114995  432.848    -11.7049386139    -11.6987702352    -11.6976202843   0.120021E+00     2.99
       102  0.00113927  429.960    -11.7048867421    -11.6987595298    -11.6976202609   0.122418E+00     3.12
       103  0.00112845  427.048    -11.7048344033    -11.6987486893    -11.6976202359   0.124845E+00     3.03
       104  0.00111750  424.141    -11.7047819895    -11.6987376964    -11.6976202013   0.127302E+00     3.13
       105  0.00110653  421.266    -11.7047300175    -11.6987266985    -11.6976201729   0.129789E+00     3.11
       106  0.00109566  418.444    -11.7046789237    -11.6987158107    -11.6976201504   0.132306E+00     3.11
       107  0.00108498  415.698    -11.7046290694    -11.6987051000    -11.6976201187   0.134852E+00     3.09
       108  0.00107466  413.046    -11.7045809315    -11.6986947446    -11.6976200871   0.137428E+00     3.11
       109  0.00106483  410.513    -11.7045349862    -11.6986848989    -11.6976200658   0.140033E+00     3.13
       110  0.00105553  408.122    -11.7044915748    -11.6986755689    -11.6976200411   0.142667E+00     3.11
       111  0.00104681  405.894    -11.7044510807    -11.6986668181    -11.6976200106   0.145329E+00     3.07
       112  0.00103883  403.850    -11.7044139593    -11.6986588218    -11.6976199896   0.148020E+00     3.15
       113  0.00103170  402.007    -11.7043805410    -11.6986516748    -11.6976199728   0.150740E+00     3.08
       114  0.00102549  400.378    -11.7043510973    -11.6986454389    -11.6976199486   0.153488E+00     3.28
       115  0.00102034  398.979    -11.7043259887    -11.6986402695    -11.6976199290   0.156265E+00     3.25
       116  0.00101634  397.824    -11.7043055127    -11.6986362576    -11.6976199197   0.159069E+00     3.08
       117  0.00101346  396.926    -11.7042898272    -11.6986333682    -11.6976199070   0.161902E+00     2.98
       118  0.00101175  396.296    -11.7042791268    -11.6986316419    -11.6976198926   0.164763E+00     3.10
       119  0.00101130  395.942    -11.7042736217    -11.6986311893    -11.6976198892   0.167653E+00     3.11
       120  0.00101213  395.866    -11.7042733722    -11.6986320199    -11.6976198895   0.170570E+00     3.11
       121  0.00101423  396.070    -11.7042783819    -11.6986341160    -11.6976198853   0.173516E+00     2.95
       122  0.00101763  396.556    -11.7042887022    -11.6986375207    -11.6976198878   0.176491E+00     3.07
       123  0.00102230  397.321    -11.7043042913    -11.6986422002    -11.6976198989   0.179494E+00     3.03
       124  0.00102813  398.364    -11.7043249881    -11.6986480369    -11.6976199069   0.182526E+00     3.26
       125  0.00103509  399.677    -11.7043506639    -11.6986550015    -11.6976199149   0.185587E+00     3.11
       126  0.00104318  401.249    -11.7043811837    -11.6986631180    -11.6976199330   0.188678E+00     3.11
       127  0.00105235  403.066    -11.7044162699    -11.6986723073    -11.6976199564   0.191798E+00     3.09
       128  0.00106244  405.114    -11.7044555639    -11.6986824196    -11.6976199772   0.194948E+00     3.26
       129  0.00107333  407.378    -11.7044987369    -11.6986933259    -11.6976199970   0.198128E+00     3.12
       130  0.00108489  409.845    -11.7045454757    -11.6987049088    -11.6976200196   0.201339E+00     3.13
       131  0.00109698  412.500    -11.7045954243    -11.6987170285    -11.6976200483   0.204580E+00     3.13
       132  0.00110942  415.323    -11.7046481365    -11.6987295012    -11.6976200792   0.207853E+00     3.22
       133  0.00112208  418.294    -11.7047031440    -11.6987421750    -11.6976200988   0.211157E+00     3.26
       134  0.00113498  421.387    -11.7047601368    -11.6987550944    -11.6976201134   0.214493E+00     3.00
       135  0.00114822  424.576    -11.7048188583    -11.6987683685    -11.6976201520   0.217861E+00     3.07
       136  0.00116154  427.836    -11.7048787037    -11.6987817479    -11.6976202121   0.221261E+00     3.07
       137  0.00117442  431.145    -11.7049387711    -11.6987946724    -11.6976202510   0.224694E+00     3.16
       138  0.00118663  434.476    -11.7049984647    -11.6988068879    -11.6976202543   0.228161E+00     3.15
       139  0.00119842  437.807    -11.7050577065    -11.6988186705    -11.6976202551   0.231660E+00     2.95
       140  0.00121008  441.110    -11.7051164651    -11.6988303583    -11.6976202808   0.235194E+00     2.95
       141  0.00122159  444.359    -11.7051743409    -11.6988419242    -11.6976203321   0.238761E+00     3.06
       142  0.00123252  447.530    -11.7052305292    -11.6988529226    -11.6976204008   0.242362E+00     3.20
       143  0.00124216  450.599    -11.7052839625    -11.6988626234    -11.6976204640   0.245997E+00     3.16
       144  0.00124988  453.543    -11.7053336676    -11.6988703732    -11.6976204942   0.249667E+00     3.10
       145  0.00125552  456.340    -11.7053791668    -11.6988760099    -11.6976204928   0.253371E+00     3.16
       146  0.00125938  458.968    -11.7054204692    -11.6988798609    -11.6976204793   0.257109E+00     3.18
       147  0.00126200  461.405    -11.7054577941    -11.6988824631    -11.6976204597   0.260881E+00     3.25
       148  0.00126399  463.629    -11.7054914556    -11.6988844324    -11.6976204409   0.264688E+00     3.09
       149  0.00126588  465.621    -11.7055217374    -11.6988863240    -11.6976204423   0.268528E+00     3.00
       150  0.00126789  467.365    -11.7055486194    -11.6988883529    -11.6976204677   0.272402E+00     3.16
       151  0.00126983  468.847    -11.7055717141    -11.6988903374    -11.6976205051   0.276310E+00     3.36
       152  0.00127132  470.052    -11.7055904314    -11.6988918733    -11.6976205512   0.280250E+00     3.08
       153  0.00127180  470.970    -11.7056040424    -11.6988924022    -11.6976206015   0.284224E+00     3.09
       154  0.00127066  471.590    -11.7056117669    -11.6988912947    -11.6976206374   0.288229E+00     3.11
       155  0.00126745  471.903    -11.7056130399    -11.6988881027    -11.6976206514   0.292267E+00     3.10
       156  0.00126202  471.905    -11.7056076306    -11.6988826684    -11.6976206500   0.296335E+00     3.17
       157  0.00125442  471.593    -11.7055955668    -11.6988750458    -11.6976206300   0.300433E+00     2.97
       158  0.00124496  470.969    -11.7055771759    -11.6988655481    -11.6976205881   0.304562E+00     3.05
       159  0.00123425  470.036    -11.7055531130    -11.6988547851    -11.6976205393   0.308719E+00     3.09
       160  0.00122296  468.798    -11.7055241507    -11.6988434586    -11.6976204941   0.312904E+00     3.22
       161  0.00121175  467.264    -11.7054910168    -11.6988321987    -11.6976204510   0.317117E+00     3.12
       162  0.00120114  465.440    -11.7054543926    -11.6988215586    -11.6976204182   0.321355E+00     3.00
       163  0.00119149  463.340    -11.7054147925    -11.6988118915    -11.6976204054   0.325619E+00     3.02
       164  0.00118282  460.976    -11.7053724335    -11.6988032236    -11.6976204037   0.329907E+00     3.15
       165  0.00117498  458.363    -11.7053273545    -11.6987953802    -11.6976204051   0.334218E+00     3.15
       166  0.00116769  455.517    -11.7052795301    -11.6987881065    -11.6976204136   0.338551E+00     3.13
       167  0.00116061  452.456    -11.7052288348    -11.6987810337    -11.6976204220   0.342905E+00     3.12
       168  0.00115337  449.198    -11.7051751511    -11.6987737842    -11.6976204177   0.347279E+00     3.22
       169  0.00114574  445.762    -11.7051185436    -11.6987661432    -11.6976204053   0.351672E+00     3.08
       170  0.00113762  442.169    -11.7050592076    -11.6987580043    -11.6976203891   0.356082E+00     3.05
       171  0.00112896  438.442    -11.7049974160    -11.6987493196    -11.6976203599   0.360508E+00     3.09
       172  0.00111990  434.605    -11.7049336356    -11.6987402192    -11.6976203209   0.364949E+00     3.08
       173  0.00111068  430.682    -11.7048684774    -11.6987309667    -11.6976202859   0.369404E+00     3.10
       174  0.00110153  426.698    -11.7048025103    -11.6987217763    -11.6976202510   0.373871E+00     3.08
       175  0.00109265  422.678    -11.7047363026    -11.6987128561    -11.6976202108   0.378350E+00     3.10
       176  0.00108429  418.648    -11.7046704845    -11.6987044732    -11.6976201785   0.382839E+00     3.05
       177  0.00107662  414.633    -11.7046055723    -11.6986967801    -11.6976201571   0.387337E+00     3.09
       178  0.00106965  410.658    -11.7045419297    -11.6986897796    -11.6976201326   0.391843E+00     3.10
       179  0.00106340  406.749    -11.7044799477    -11.6986835071    -11.6976201090   0.396355E+00     3.10
       180  0.00105788  402.929    -11.7044199933    -11.6986779814    -11.6976200976   0.400873E+00     3.04
       181  0.00105298  399.224    -11.7043622690    -11.6986730662    -11.6976200849   0.405395E+00     3.07
       182  0.00104859  395.654    -11.7043069919    -11.6986686520    -11.6976200630   0.409921E+00     3.05
       183  0.00104470  392.244    -11.7042544912    -11.6986647558    -11.6976200518   0.414449E+00     3.12
       184  0.00104121  389.012    -11.7042049499    -11.6986612649    -11.6976200509   0.418978E+00     3.02
       185  0.00103792  385.980    -11.7041584201    -11.6986579532    -11.6976200316   0.423509E+00     3.09
       186  0.00103487  383.164    -11.7041152088    -11.6986548669    -11.6976199988   0.428038E+00     3.06
       187  0.00103226  380.582    -11.7040758032    -11.6986522504    -11.6976199887   0.432567E+00     3.06
       188  0.00103005  378.250    -11.7040403697    -11.6986500469    -11.6976199999   0.437093E+00     3.00
       189  0.00102793  376.182    -11.7040087758    -11.6986479247    -11.6976199950   0.441617E+00     3.09
       190  0.00102583  374.390    -11.7039811093    -11.6986457989    -11.6976199672   0.446138E+00     2.98
       191  0.00102399  372.884    -11.7039577844    -11.6986439400    -11.6976199458   0.450655E+00     3.02
       192  0.00102261  371.672    -11.7039391257    -11.6986425555    -11.6976199487   0.455168E+00     3.08
       193  0.00102156  370.760    -11.7039251047    -11.6986415240    -11.6976199627   0.459676E+00     3.11
       194  0.00102062  370.154    -11.7039155256    -11.6986405783    -11.6976199630   0.464178E+00     3.00
       195  0.00101974  369.858    -11.7039103958    -11.6986396763    -11.6976199396   0.468676E+00     3.09
       196  0.00101924  369.872    -11.7039100702    -11.6986391483    -11.6976199120   0.473167E+00     3.01
       197  0.00101949  370.197    -11.7039149569    -11.6986394037    -11.6976199115   0.477653E+00     3.23
       198  0.00102053  370.831    -11.7039250565    -11.6986404723    -11.6976199450   0.482132E+00     3.06
       199  0.00102191  371.769    -11.7039398568    -11.6986418957    -11.6976199899   0.486606E+00     3.10
       200  0.00102305  373.008    -11.7039586703    -11.6986430628    -11.6976200163   0.491074E+00     3.00
       201  0.00102366  374.539    -11.7039810942    -11.6986436681    -11.6976200047   0.495535E+00     3.13
       202  0.00102405  376.354    -11.7040073089    -11.6986440124    -11.6976199583   0.499991E+00     3.17
       203  0.00102504  378.443    -11.7040380239    -11.6986449510    -11.6976199067   0.504442E+00     3.02
       204  0.00102756  380.795    -11.7040740263    -11.6986474427    -11.6976198842   0.508887E+00     3.02
       205  0.00103212  383.395    -11.7041156603    -11.6986520287    -11.6976199043   0.513328E+00     3.13
       206  0.00103864  386.228    -11.7041626074    -11.6986586067    -11.6976199627   0.517764E+00     3.26
       207  0.00104644  389.277    -11.7042139424    -11.6986664844    -11.6976200464   0.522196E+00     3.14
       208  0.00105446  392.526    -11.7042683476    -11.6986745903    -11.6976201304   0.526625E+00     3.07
       209  0.00106168  395.956    -11.7043245059    -11.6986818694    -11.6976201856   0.531051E+00     3.09
       210  0.00106753  399.547    -11.7043815431    -11.6986877267    -11.6976201984   0.535476E+00     3.19
       211  0.00107207  403.279    -11.7044392460    -11.6986922459    -11.6976201725   0.539899E+00     3.24
       212  0.00107601  407.130    -11.7044980111    -11.6986961344    -11.6976201221   0.544322E+00     3.10
       213  0.00108042  411.077    -11.7045586141    -11.6987004886    -11.6976200720   0.548745E+00     3.12
       214  0.00108635  415.098    -11.7046218243    -11.6987064025    -11.6976200489   0.553170E+00     3.14
       215  0.00109449  419.169    -11.7046879950    -11.6987145579    -11.6976200654   0.557597E+00     3.30
       216  0.00110490  423.267    -11.7047568610    -11.6987250230    -11.6976201184   0.562028E+00     3.08
       217  0.00111710  427.368    -11.7048275807    -11.6987372960    -11.6976201967   0.566463E+00     3.08
       218  0.00113020  431.449    -11.7048989131    -11.6987504813    -11.6976202849   0.570903E+00     3.04
       219  0.00114316  435.484    -11.7049694580    -11.6987635262    -11.6976203675   0.575351E+00     3.10
       220  0.00115503  439.449    -11.7050379025    -11.6987754606    -11.6976204315   0.579806E+00     3.19
       221  0.00116513  443.321    -11.7051032285    -11.6987856006    -11.6976204672   0.584270E+00     2.98
       222  0.00117322  447.078    -11.7051648599    -11.6987936942    -11.6976204754   0.588745E+00     2.93
       223  0.00117944  450.697    -11.7052226473    -11.6987999079    -11.6976204689   0.593232E+00     3.04
       224  0.00118419  454.157    -11.7052766824    -11.6988046416    -11.6976204554   0.597731E+00     3.16
       225  0.00118797  457.436    -11.7053271788    -11.6988084080    -11.6976204336   0.602245E+00     3.13
       226  0.00119141  460.515    -11.7053744707    -11.6988118260    -11.6976204137   0.606774E+00     3.06
       227  0.00119504  463.375    -11.7054188504    -11.6988154522    -11.6976204148   0.611321E+00     3.10
       228  0.00119907  465.999    -11.7054602993    -11.6988195073    -11.6976204340   0.615885E+00     3.13
       229  0.00120346  468.372    -11.7054985276    -11.6988239165    -11.6976204523   0.620470E+00     3.24
       230  0.00120810  470.481    -11.7055332377    -11.6988285742    -11.6976204694   0.625075E+00     3.08
       231  0.00121286  472.313    -11.7055641368    -11.6988333584    -11.6976204966   0.629703E+00     3.06
       232  0.00121746  473.859    -11.7055907957    -11.6988379894    -11.6976205250   0.634355E+00     3.11
       233  0.00122161  475.109    -11.7056127737    -11.6988421492    -11.6976205383   0.639033E+00     3.15
       234  0.00122516  476.058    -11.7056298473    -11.6988457053    -11.6976205409   0.643737E+00     3.32
       235  0.00122810  476.701    -11.7056419545    -11.6988486513    -11.6976205468   0.648469E+00     3.02
       236  0.00123035  477.036    -11.7056489953    -11.6988509073    -11.6976205566   0.653231E+00     3.09
       237  0.00123175  477.066    -11.7056508185    -11.6988523092    -11.6976205601   0.658023E+00     3.15
       238  0.00123221  476.792    -11.7056473702    -11.6988527610    -11.6976205501   0.662847E+00     3.19
       239  0.00123181  476.220    -11.7056387996    -11.6988523410    -11.6976205307   0.667706E+00     2.94
       240  0.00123072  475.357    -11.7056253953    -11.6988512371    -11.6976205161   0.672598E+00     3.04
       241  0.00122902  474.212    -11.7056073729    -11.6988495311    -11.6976205160   0.677527E+00     3.09
       242  0.00122654  472.797    -11.7055847370    -11.6988470584    -11.6976205221   0.682494E+00     3.20
       243  0.00122300  471.127    -11.7055573972    -11.6988435243    -11.6976205207   0.687499E+00     3.20
       244  0.00121820  469.217    -11.7055253727    -11.6988387107    -11.6976205063   0.692544E+00     2.99
       245  0.00121210  467.088    -11.7054888871    -11.6988325743    -11.6976204761   0.697630E+00     3.11
       246  0.00120487  464.758    -11.7054484180    -11.6988252999    -11.6976204281   0.702759E+00     3.24
       247  0.00119694  462.252    -11.7054047115    -11.6988173173    -11.6976203739   0.707930E+00     3.28
       248  0.00118879  459.591    -11.7053586037    -11.6988091250    -11.6976203330   0.713147E+00     3.12
       249  0.00118069  456.802    -11.7053107323    -11.6988010042    -11.6976203122   0.718409E+00     3.01
       250  0.00117261  453.909    -11.7052614289    -11.6987929152    -11.6976203027   0.723718E+00     3.15
       251  0.00116434  450.941    -11.7052108486    -11.6987846311    -11.6976202912   0.729075E+00     3.07
       252  0.00115568  447.925    -11.7051591754    -11.6987759487    -11.6976202666   0.734480E+00     3.07
       253  0.00114664  444.887    -11.7051067959    -11.6987668642    -11.6976202245   0.739936E+00     3.04
       254  0.00113747  441.855    -11.7050543662    -11.6987576416    -11.6976201712   0.745442E+00     3.05
       255  0.00112859  438.857    -11.7050027134    -11.6987487125    -11.6976201199   0.751000E+00     3.00
       256  0.00112039  435.921    -11.7049526372    -11.6987404749    -11.6976200818   0.756611E+00     3.06
       257  0.00111306  433.075    -11.7049047332    -11.6987331178    -11.6976200616   0.762275E+00     2.97
       258  0.00110650  430.349    -11.7048593199    -11.6987265548    -11.6976200549   0.767993E+00     3.03
       259  0.00110045  427.769    -11.7048165030    -11.6987205016    -11.6976200535   0.773766E+00     3.10
       260  0.00109456  425.361    -11.7047762995    -11.6987146163    -11.6976200529   0.779594E+00     3.07
       261  0.00108855  423.147    -11.7047387164    -11.6987085932    -11.6976200473   0.785479E+00     3.06
       262  0.00108224  421.144    -11.7047038446    -11.6987022622    -11.6976200272   0.791421E+00     3.10
       263  0.00107573  419.368    -11.7046719985    -11.6986957224    -11.6976199934   0.797421E+00     3.13
       264  0.00106935  417.832    -11.7046436964    -11.6986893067    -11.6976199601   0.803480E+00     3.02
       265  0.00106344  416.549    -11.7046194645    -11.6986833679    -11.6976199303   0.809597E+00     3.09
       266  0.00105832  415.529    -11.7045997874    -11.6986782190    -11.6976198949   0.815774E+00     3.10
       267  0.00105439  414.786    -11.7045852226    -11.6986742487    -11.6976198599   0.822010E+00     2.99
       268  0.00105199  414.329    -11.7045763049    -11.6986718387    -11.6976198447   0.828307E+00     3.08
       269  0.00105126  414.168    -11.7045732732    -11.6986711080    -11.6976198507   0.834664E+00     3.10
       270  0.00105204  414.306    -11.7045760467    -11.6986719044    -11.6976198619   0.841083E+00     3.10
       271  0.00105416  414.746    -11.7045844507    -11.6986740356    -11.6976198721   0.847563E+00     3.10
       272  0.00105748  415.485    -11.7045983128    -11.6986773663    -11.6976198888   0.854104E+00     3.05
       273  0.00106179  416.517    -11.7046173590    -11.6986817109    -11.6976199193   0.860708E+00     3.08
       274  0.00106677  417.832    -11.7046411066    -11.6986867274    -11.6976199618   0.867375E+00     2.99
       275  0.00107195  419.415    -11.7046688986    -11.6986919567    -11.6976200017   0.874104E+00     3.09
       276  0.00107702  421.249    -11.7047001217    -11.6986970467    -11.6976200236   0.880895E+00     3.03
       277  0.00108194  423.310    -11.7047344307    -11.6987019753    -11.6976200324   0.887749E+00     3.16
       278  0.00108692  425.574    -11.7047716741    -11.6987069643    -11.6976200473   0.894665E+00     3.09
       279  0.00109211  428.011    -11.7048116175    -11.6987121803    -11.6976200734   0.901643E+00     3.29
       280  0.00109752  430.593    -11.7048538617    -11.6987176241    -11.6976201018   0.908683E+00     3.00
       281  0.00110310  433.295    -11.7048979668    -11.6987232294    -11.6976201264   0.915783E+00     3.07
       282  0.00110881  436.092    -11.7049435536    -11.6987289475    -11.6976201413   0.922944E+00     3.10
       283  0.00111470  438.966    -11.7049903983    -11.6987348394    -11.6976201422   0.930165E+00     3.07
       284  0.00112099  441.898    -11.7050384830    -11.6987411337    -11.6976201425   0.937445E+00     3.18
       285  0.00112788  444.874    -11.7050877947    -11.6987480436    -11.6976201596   0.944784E+00     3.01
       286  0.00113535  447.876    -11.7051380784    -11.6987555389    -11.6976201892   0.952180E+00     3.03
       287  0.00114319  450.889    -11.7051888820    -11.6987634106    -11.6976202236   0.959634E+00     3.12
       288  0.00115112  453.892    -11.7052396568    -11.6987713878    -11.6976202692   0.967144E+00     3.24
       289  0.00115876  456.863    -11.7052896909    -11.6987790813    -11.6976203178   0.974711E+00     3.10
       290  0.00116578  459.776    -11.7053382451    -11.6987861240    -11.6976203451   0.982332E+00     3.10
       291  0.00117214  462.602    -11.7053848852    -11.6987925007    -11.6976203567   0.990009E+00     3.12
       292  0.00117808  465.307    -11.7054294002    -11.6987984587    -11.6976203802   0.997739E+00     3.19
       293  0.00118371  467.859    -11.7054714284    -11.6988041196    -11.6976204103   0.100552E+01     3.25
       294  0.00118910  470.223    -11.7055105216    -11.6988095256    -11.6976204254   0.101335E+01     3.08
       295  0.00119446  472.366    -11.7055464291    -11.6988149026    -11.6976204402   0.102124E+01     3.00
       296  0.00119996  474.256    -11.7055788964    -11.6988204358    -11.6976204774   0.102917E+01     3.14
       297  0.00120543  475.867    -11.7056073622    -11.6988259448    -11.6976205165   0.103714E+01     3.19
       298  0.00121063  477.177    -11.7056312477    -11.6988311555    -11.6976205279   0.104516E+01     3.01
       299  0.00121557  478.172    -11.7056503670    -11.6988360991    -11.6976205248   0.105323E+01     3.07
       300  0.00122040  478.842    -11.7056647527    -11.6988409348    -11.6976205345   0.106133E+01     3.00
       301  0.00122502  479.185    -11.7056742702    -11.6988455688    -11.6976205526   0.106946E+01     3.16
       302  0.00122916  479.202    -11.7056786707    -11.6988497175    -11.6976205558   0.107764E+01     3.17
       303  0.00123272  478.902    -11.7056779222    -11.6988532533    -11.6976205382   0.108584E+01     2.95
       304  0.00123579  478.293    -11.7056722969    -11.6988563064    -11.6976205210   0.109407E+01     2.95
       305  0.00123843  477.387    -11.7056620515    -11.6988589635    -11.6976205307   0.110234E+01     3.10
       306  0.00124033  476.198    -11.7056470422    -11.6988608974    -11.6976205627   0.111063E+01     3.08
       307  0.00124088  474.739    -11.7056268060    -11.6988614630    -11.6976205784   0.111894E+01     3.28
       308  0.00123971  473.020    -11.7056011178    -11.6988602646    -11.6976205576   0.112727E+01     3.08
       309  0.00123692  471.054    -11.7055702806    -11.6988574522    -11.6976205289   0.113562E+01     3.06
       310  0.00123278  468.848    -11.7055347140    -11.6988533105    -11.6976205280   0.114399E+01     3.18
       311  0.00122719  466.413    -11.7054944370    -11.6988477396    -11.6976205508   0.115238E+01     3.23
       312  0.00121973  463.755    -11.7054491157    -11.6988402978    -11.6976205669   0.116078E+01     3.01
       313  0.00121010  460.881    -11.7053985167    -11.6988306493    -11.6976205505   0.116919E+01     3.11
       314  0.00119847  457.799    -11.7053429133    -11.6988189652    -11.6976204909   0.117761E+01     3.06
       315  0.00118567  454.517    -11.7052832434    -11.6988060727    -11.6976204036   0.118603E+01     3.16
       316  0.00117287  451.043    -11.7052208588    -11.6987931970    -11.6976203305   0.119446E+01     3.17
       317  0.00116102  447.388    -11.7051568962    -11.6987813237    -11.6976203036   0.120289E+01     2.98
       318  0.00115040  443.564    -11.7050918020    -11.6987707166    -11.6976203120   0.121131E+01     3.04
       319  0.00114075  439.588    -11.7050254841    -11.6987610661    -11.6976203196   0.121974E+01     3.10
       320  0.00113172  435.476    -11.7049578510    -11.6987520275    -11.6976203030   0.122815E+01     3.23
       321  0.00112332  431.249    -11.7048891745    -11.6987435846    -11.6976202616   0.123655E+01     3.06
       322  0.00111587  426.930    -11.7048201154    -11.6987360782    -11.6976202046   0.124494E+01     2.98
       323  0.00110991  422.543    -11.7047515768    -11.6987300612    -11.6976201486   0.125331E+01     3.03
       324  0.00110591  418.114    -11.7046844361    -11.6987260341    -11.6976201200   0.126166E+01     3.09
       325  0.00110390  413.671    -11.7046191379    -11.6987240428    -11.6976201387   0.126999E+01     3.16
       326  0.00110321  409.245    -11.7045554073    -11.6987233987    -11.6976201908   0.127829E+01     3.10
       327  0.00110266  404.863    -11.7044924629    -11.6987228996    -11.6976202361   0.128657E+01     3.11
       328  0.00110119  400.555    -11.7044296156    -11.6987214358    -11.6976202496   0.129481E+01     3.22
       329  0.00109814  396.351    -11.7043666475    -11.6987183760    -11.6976202383   0.130302E+01     3.15
       330  0.00109329  392.279    -11.7043037387    -11.6987134995    -11.6976202092   0.131120E+01     3.09
       331  0.00108676  388.365    -11.7042413752    -11.6987069095    -11.6976201521   0.131934E+01     3.09
       332  0.00107910  384.635    -11.7041804777    -11.6986991681    -11.6976200687   0.132744E+01     3.18
       333  0.00107126  381.112    -11.7041223533    -11.6986912533    -11.6976199913   0.133550E+01     3.09
       334  0.00106412  377.816    -11.7040682085    -11.6986840752    -11.6976199553   0.134351E+01     3.04
       335  0.00105799  374.766    -11.7040186214    -11.6986779501    -11.6976199641   0.135149E+01     3.08
       336  0.00105255  371.979    -11.7039734868    -11.6986725437    -11.6976199892   0.135941E+01     3.09
       337  0.00104730  369.466    -11.7039324407    -11.6986672960    -11.6976199995   0.136729E+01     3.08
       338  0.00104189  367.242    -11.7038953256    -11.6986618850    -11.6976199920   0.137512E+01     3.10
       339  0.00103628  365.313    -11.7038622363    -11.6986562747    -11.6976199922   0.138291E+01     3.10
       340  0.00103033  363.689    -11.7038331546    -11.6986503499    -11.6976200166   0.139064E+01     3.07
       341  0.00102363  362.371    -11.7038077140    -11.6986436788    -11.6976200452   0.139832E+01     3.12
       342  0.00101577  361.365    -11.7037854989    -11.6986358085    -11.6976200415   0.140596E+01     3.12
       343  0.00100681  360.670    -11.7037665832    -11.6986267993    -11.6976199919   0.141354E+01     3.12
       344  0.00099752  360.285    -11.7037517402    -11.6986174315    -11.6976199156   0.142106E+01     3.12
       345  0.00098907  360.210    -11.7037421533    -11.6986089172    -11.6976198484   0.142854E+01     3.08
       346  0.00098254  360.440    -11.7037388673    -11.6986023550    -11.6976198191   0.143596E+01     3.08
       347  0.00097846  360.969    -11.7037423481    -11.6985982914    -11.6976198299   0.144333E+01     3.09
       348  0.00097683  361.791    -11.7037524486    -11.6985966847    -11.6976198571   0.145065E+01     3.08
       349  0.00097737  362.896    -11.7037687561    -11.6985972463    -11.6976198774   0.145791E+01     3.05
       350  0.00097990  364.275    -11.7037909484    -11.6985997887    -11.6976198864   0.146512E+01     2.98
       351  0.00098440  365.918    -11.7038188678    -11.6986042962    -11.6976198946   0.147228E+01     2.97
       352  0.00099085  367.814    -11.7038523647    -11.6986107696    -11.6976199165   0.147938E+01     2.98
       353  0.00099905  369.952    -11.7038910747    -11.6986190105    -11.6976199626   0.148644E+01     3.07
       354  0.00100844  372.319    -11.7039342592    -11.6986284678    -11.6976200307   0.149344E+01     3.08
       355  0.00101818  374.899    -11.7039808457    -11.6986382793    -11.6976201021   0.150039E+01     3.10
       356  0.00102740  377.678    -11.7040297125    -11.6986475517    -11.6976201532   0.150729E+01     3.14
       357  0.00103554  380.637    -11.7040800526    -11.6986557141    -11.6976201695   0.151414E+01     3.10
       358  0.00104259  383.762    -11.7041316013    -11.6986627387    -11.6976201511   0.152095E+01     3.02
       359  0.00104903  387.034    -11.7041846350    -11.6986691370    -11.6976201107   0.152770E+01     3.08
       360  0.00105570  390.438    -11.7042397747    -11.6986757697    -11.6976200674   0.153441E+01     3.01
       361  0.00106352  393.956    -11.7042976896    -11.6986835586    -11.6976200400   0.154108E+01     3.33
       362  0.00107315  397.568    -11.7043587987    -11.6986931942    -11.6976200426   0.154771E+01     2.98
       363  0.00108484  401.254    -11.7044230542    -11.6987049197    -11.6976200780   0.155429E+01     3.07
       364  0.00109834  404.993    -11.7044898966    -11.6987184793    -11.6976201374   0.156083E+01     3.02
       365  0.00111303  408.763    -11.7045583837    -11.6987332388    -11.6976202102   0.156734E+01     3.11
       366  0.00112806  412.543    -11.7046273550    -11.6987483445    -11.6976202887   0.157381E+01     3.10
       367  0.00114249  416.311    -11.7046955635    -11.6987628543    -11.6976203617   0.158025E+01     2.95
       368  0.00115550  420.046    -11.7047618502    -11.6987759167    -11.6976204173   0.158666E+01     3.04
       369  0.00116651  423.725    -11.7048253260    -11.6987869577    -11.6976204527   0.159303E+01     3.12
       370  0.00117526  427.327    -11.7048854192    -11.6987957293    -11.6976204694   0.159938E+01     3.18
       371  0.00118183  430.827    -11.7049418661    -11.6988022962    -11.6976204622   0.160571E+01     3.12
       372  0.00118667  434.203    -11.7049947822    -11.6988070988    -11.6976204311   0.161201E+01     3.09
       373  0.00119053  437.433    -11.7050446454    -11.6988109256    -11.6976203936   0.161830E+01     3.09
       374  0.00119428  440.498    -11.7050920382    -11.6988146488    -11.6976203658   0.162457E+01     3.20
       375  0.00119863  443.378    -11.7051374060    -11.6988189782    -11.6976203484   0.163082E+01     3.12
       376  0.00120408  446.056    -11.7051810231    -11.6988244269    -11.6976203449   0.163707E+01     3.05
       377  0.00121087  448.518    -11.7052229257    -11.6988312450    -11.6976203705   0.164330E+01     3.05
       378  0.00121878  450.750    -11.7052626991    -11.6988392076    -11.6976204267   0.164953E+01     3.00
       379  0.00122711  452.741    -11.7052994678    -11.6988476023    -11.6976204904   0.165576E+01     3.18
       380  0.00123502  454.482    -11.7053322303    -11.6988555641    -11.6976205417   0.166199E+01     3.25
       381  0.00124180  455.963    -11.7053601628    -11.6988623794    -11.6976205808   0.166822E+01     3.08
       382  0.00124689  457.181    -11.7053826330    -11.6988675047    -11.6976206110   0.167446E+01     3.09
       383  0.00124992  458.128    -11.7053991695    -11.6988705456    -11.6976206212   0.168071E+01     3.20
       384  0.00125082  458.799    -11.7054096192    -11.6988714216    -11.6976206010   0.168697E+01     3.23
       385  0.00124995  459.191    -11.7054142916    -11.6988705146    -11.6976205597   0.169325E+01     3.10
       386  0.00124800  459.298    -11.7054138199    -11.6988685230    -11.6976205186   0.169954E+01     3.00
       387  0.00124563  459.116    -11.7054088386    -11.6988661225    -11.6976204927   0.170586E+01     3.17
       388  0.00124322  458.648    -11.7053997501    -11.6988637090    -11.6976204856   0.171220E+01     3.20
       389  0.00124082  457.898    -11.7053866621    -11.6988613132    -11.6976204927   0.171857E+01     3.16
       390  0.00123816  456.877    -11.7053694641    -11.6988586639    -11.6976205013   0.172497E+01     2.97
       391  0.00123488  455.602    -11.7053480176    -11.6988553801    -11.6976205043   0.173140E+01     3.10
       392  0.00123057  454.096    -11.7053222505    -11.6988510802    -11.6976205151   0.173787E+01     3.14
       393  0.00122468  452.382    -11.7052919712    -11.6988452214    -11.6976205418   0.174438E+01     3.23
       394  0.00121648  450.487    -11.7052567791    -11.6988370353    -11.6976205546   0.175093E+01     3.02
       395  0.00120547  448.436    -11.7052165018    -11.6988259865    -11.6976205192   0.175753E+01     3.07
       396  0.00119183  446.253    -11.7051716850    -11.6988122751    -11.6976204484   0.176417E+01     3.00
       397  0.00117629  443.962    -11.7051234158    -11.6987966648    -11.6976203771   0.177086E+01     3.09
       398  0.00115967  441.582    -11.7050728232    -11.6987799842    -11.6976203109   0.177761E+01     3.20
       399  0.00114276  439.134    -11.7050209637    -11.6987630097    -11.6976202447   0.178442E+01     3.08
       400  0.00112631  436.636    -11.7049688639    -11.6987465041    -11.6976201949   0.179128E+01     3.13
       401  0.00111082  434.107    -11.7049172989    -11.6987309902    -11.6976201671   0.179821E+01     3.16
       402  0.00109655  431.562    -11.7048667288    -11.6987166796    -11.6976201337   0.180520E+01     3.25
       403  0.00108378  429.021    -11.7048176908    -11.6987038587    -11.6976200769   0.181226E+01     3.07
       404  0.00107312  426.501    -11.7047710534    -11.6986931343    -11.6976200180   0.181939E+01     3.02
       405  0.00106514  424.021    -11.7047277113    -11.6986851250    -11.6976199867   0.182659E+01     2.98
       406  0.00106002  421.603    -11.7046881427    -11.6986800146    -11.6976199906   0.183387E+01     3.14
       407  0.00105742  419.268    -11.7046522911    -11.6986774350    -11.6976200122   0.184122E+01     3.10
       408  0.00105671  417.040    -11.7046198290    -11.6986767312    -11.6976200231   0.184865E+01     3.03
       409  0.00105737  414.941    -11.7045905806    -11.6986773877    -11.6976200157   0.185616E+01     3.02
       410  0.00105912  412.997    -11.7045646251    -11.6986791357    -11.6976200161   0.186376E+01     3.08
       411  0.00106156  411.232    -11.7045419361    -11.6986815986    -11.6976200339   0.187144E+01     3.21
       412  0.00106414  409.671    -11.7045222614    -11.6986841781    -11.6976200334   0.187920E+01     3.14
       413  0.00106657  408.336    -11.7045056235    -11.6986865630    -11.6976199950   0.188705E+01     3.00
       414  0.00106904  407.250    -11.7044925847    -11.6986890027    -11.6976199584   0.189499E+01     3.16
       415  0.00107179  406.432    -11.7044836799    -11.6986917498    -11.6976199632   0.190302E+01     3.16
       416  0.00107450  405.900    -11.7044788433    -11.6986944971    -11.6976199967   0.191114E+01     3.03
       417  0.00107652  405.666    -11.7044775649    -11.6986965465    -11.6976200303   0.191935E+01     3.06
       418  0.00107719  405.740    -11.7044793143    -11.6986972429    -11.6976200522   0.192766E+01     3.13
       419  0.00107614  406.125    -11.7044837490    -11.6986961936    -11.6976200525   0.193606E+01     3.08
       420  0.00107341  406.819    -11.7044908728    -11.6986934318    -11.6976200246   0.194456E+01     3.06
       421  0.00106951  407.814    -11.7045011157    -11.6986894974    -11.6976199846   0.195315E+01     3.09
       422  0.00106524  409.097    -11.7045150955    -11.6986851944    -11.6976199551   0.196184E+01     2.95
       423  0.00106131  410.650    -11.7045332848    -11.6986812482    -11.6976199389   0.197062E+01     3.06
       424  0.00105832  412.452    -11.7045559624    -11.6986782429    -11.6976199220   0.197951E+01     3.04
       425  0.00105692  414.479    -11.7045834173    -11.6986768102    -11.6976198924   0.198848E+01     3.04
       426  0.00105792  416.706    -11.7046161173    -11.6986777809    -11.6976198607   0.199756E+01     3.05
       427  0.00106213  419.106    -11.7046545349    -11.6986819937    -11.6976198640   0.200673E+01     3.05
       428  0.00106980  421.655    -11.7046985963    -11.6986897297    -11.6976199252   0.201599E+01     3.08
       429  0.00108036  424.330    -11.7047473608    -11.6987003792    -11.6976200143   0.202535E+01     3.08
       430  0.00109278  427.109    -11.7047994573    -11.6987128723    -11.6976200877   0.203479E+01     3.01
       431  0.00110616  429.973    -11.7048537148    -11.6987263080    -11.6976201455   0.204433E+01     3.08
       432  0.00111979  432.906    -11.7049091944    -11.6987399897    -11.6976202042   0.205396E+01     3.08
       433  0.00113298  435.892    -11.7049649837    -11.6987532255    -11.6976202466   0.206367E+01     3.13
       434  0.00114533  438.917    -11.7050204385    -11.6987655767    -11.6976202489   0.207347E+01     3.11
       435  0.00115697  441.967    -11.7050755119    -11.6987771924    -11.6976202261   0.208335E+01     3.05
       436  0.00116839  445.027    -11.7051305390    -11.6987886024    -11.6976202116   0.209331E+01     3.04
       437  0.00118001  448.085    -11.7051857437    -11.6988002310    -11.6976202212   0.210336E+01     3.12
       438  0.00119189  451.125    -11.7052409771    -11.6988121466    -11.6976202581   0.211348E+01     3.07
       439  0.00120369  454.129    -11.7052956549    -11.6988240078    -11.6976203226   0.212368E+01     3.10
       440  0.00121468  457.079    -11.7053487664    -11.6988350813    -11.6976204005   0.213396E+01     3.01
       441  0.00122400  459.953    -11.7053991004    -11.6988444686    -11.6976204652   0.214430E+01     3.01
       442  0.00123100  462.725    -11.7054456423    -11.6988515003    -11.6976205028   0.215472E+01     3.09
       443  0.00123541  465.371    -11.7054877827    -11.6988559356    -11.6976205245   0.216521E+01     3.18
       444  0.00123726  467.863    -11.7055251656    -11.6988578004    -11.6976205437   0.217576E+01     3.06
       445  0.00123664  470.175    -11.7055575005    -11.6988571915    -11.6976205495   0.218637E+01     3.05
       446  0.00123391  472.279    -11.7055847234    -11.6988544306    -11.6976205201   0.219705E+01     3.08
       447  0.00122989  474.149    -11.7056072977    -11.6988503602    -11.6976204660   0.220778E+01     3.16
       448  0.00122574  475.758    -11.7056260445    -11.6988461679    -11.6976204314   0.221856E+01     3.20
       449  0.00122229  477.084    -11.7056414939    -11.6988427289    -11.6976204416   0.222939E+01     3.12
       450  0.00121974  478.103    -11.7056535081    -11.6988402172    -11.6976204779   0.224027E+01     3.01
       451  0.00121784  478.798    -11.7056615392    -11.6988383511    -11.6976205150   0.225118E+01     3.15
       452  0.00121620  479.153    -11.7056649980    -11.6988367531    -11.6976205512   0.226214E+01     3.29
       453  0.00121441  479.157    -11.7056633090    -11.6988349968    -11.6976205878   0.227312E+01     3.14
       454  0.00121199  478.806    -11.7056559087    -11.6988326015    -11.6976206095   0.228414E+01     3.02
       455  0.00120866  478.098    -11.7056424746    -11.6988292587    -11.6976205977   0.229517E+01     3.02
       456  0.00120455  477.037    -11.7056232003    -11.6988251050    -11.6976205516   0.230622E+01     3.18
       457  0.00120024  475.632    -11.7055988073    -11.6988207321    -11.6976204909   0.231729E+01     3.15
       458  0.00119644  473.897    -11.7055702396    -11.6988168854    -11.6976204439   0.232836E+01     3.02
       459  0.00119361  471.851    -11.7055382334    -11.6988140433    -11.6976204290   0.233944E+01     3.04
       460  0.00119171  469.514    -11.7055030320    -11.6988121492    -11.6976204438   0.235051E+01     3.10
       461  0.00119021  466.908    -11.7054644250    -11.6988106728    -11.6976204671   0.236158E+01     3.09
       462  0.00118847  464.057    -11.7054220670    -11.6988089497    -11.6976204774   0.237264E+01     3.14
       463  0.00118604  460.981    -11.7053757982    -11.6988065157    -11.6976204742   0.238369E+01     3.04
       464  0.00118265  457.700    -11.7053256559    -11.6988031212    -11.6976204735   0.239471E+01     3.08
       465  0.00117803  454.235    -11.7052716559    -11.6987985041    -11.6976204748   0.240571E+01     3.20
       466  0.00117194  450.604    -11.7052138102    -11.6987923961    -11.6976204536   0.241669E+01     3.25
       467  0.00116446  446.829    -11.7051524742    -11.6987848573    -11.6976203996   0.242763E+01     3.10
       468  0.00115609  442.932    -11.7050884937    -11.6987764199    -11.6976203323   0.243854E+01     3.08
       469  0.00114755  438.935    -11.7050229316    -11.6987678193    -11.6976202702   0.244941E+01     3.10
       470  0.00113950  434.861    -11.7049567791    -11.6987597171    -11.6976202211   0.246023E+01     3.21
       471  0.00113237  430.734    -11.7048908123    -11.6987525700    -11.6976201972   0.247101E+01     3.13
       472  0.00112626  426.573    -11.7048254156    -11.6987464617    -11.6976201998   0.248173E+01     2.97
       473  0.00112090  422.400    -11.7047605803    -11.6987411020    -11.6976202056   0.249240E+01     3.05
       474  0.00111595  418.232    -11.7046962337    -11.6987361496    -11.6976202028   0.250301E+01     3.14
       475  0.00111117  414.089    -11.7046324140    -11.6987313749    -11.6976202023   0.251356E+01     3.08
       476  0.00110633  409.989    -11.7045691487    -11.6987265278    -11.6976201944   0.252404E+01     3.05
       477  0.00110132  405.955    -11.7045066027    -11.6987214774    -11.6976201563   0.253445E+01     3.03
       478  0.00109639  402.007    -11.7044453721    -11.6987165035    -11.6976201095   0.254478E+01     3.03
       479  0.00109188  398.170    -11.7043861668    -11.6987119809    -11.6976200961   0.255504E+01     3.20
       480  0.00108769  394.467    -11.7043292196    -11.6987077946    -11.6976201093   0.256521E+01     3.33
       481  0.00108331  390.925    -11.7042743619    -11.6987034235    -11.6976201184   0.257531E+01     3.00
       482  0.00107824  387.566    -11.7042214480    -11.6986983715    -11.6976201270   0.258531E+01     3.11
       483  0.00107201  384.416    -11.7041703317    -11.6986921532    -11.6976201442   0.259522E+01     3.11
       484  0.00106406  381.495    -11.7041207672    -11.6986842023    -11.6976201469   0.260505E+01     3.17
       485  0.00105408  378.826    -11.7040727310    -11.6986742011    -11.6976201175   0.261477E+01     2.96
       486  0.00104229  376.427    -11.7040266832    -11.6986623493    -11.6976200633   0.262441E+01     3.04
       487  0.00102930  374.312    -11.7039834886    -11.6986492895    -11.6976199868   0.263394E+01     3.01
       488  0.00101617  372.495    -11.7039443671    -11.6986360615    -11.6976198941   0.264338E+01     3.20
       489  0.00100415  370.985    -11.7039107626    -11.6986239717    -11.6976198199   0.265271E+01     3.06
       490  0.00099430  369.790    -11.7038838345    -11.6986140836    -11.6976197874   0.266195E+01     3.07
       491  0.00098710  368.912    -11.7038641240    -11.6986068826    -11.6976197787   0.267108E+01     3.06
       492  0.00098271  368.353    -11.7038517780    -11.6986024988    -11.6976197857   0.268011E+01     3.13
       493  0.00098098  368.112    -11.7038466546    -11.6986008117    -11.6976198314   0.268904E+01     3.15
       494  0.00098124  368.184    -11.7038480232    -11.6986011494    -11.6976199100   0.269786E+01     3.12
       495  0.00098244  368.564    -11.7038546828    -11.6986024052    -11.6976199673   0.270658E+01     3.02
       496  0.00098385  369.241    -11.7038657472    -11.6986038181    -11.6976199730   0.271520E+01     3.13
       497  0.00098544  370.206    -11.7038810833    -11.6986054050    -11.6976199607   0.272371E+01     3.05
       498  0.00098751  371.446    -11.7039008394    -11.6986074822    -11.6976199719   0.273212E+01     3.04
       499  0.00099005  372.950    -11.7039248409    -11.6986100549    -11.6976200005   0.274043E+01     2.98
       500  0.00099287  374.704    -11.7039526633    -11.6986128869    -11.6976200152   0.274863E+01     2.99
       501  0.00099593  376.693    -11.7039840712    -11.6986159404    -11.6976200148   0.275673E+01     3.08
       502  0.00099937  378.904    -11.7040190345    -11.6986193944    -11.6976200287   0.276473E+01     3.03
       503  0.00100318  381.321    -11.7040573221    -11.6986232408    -11.6976200625   0.277263E+01     3.11
       504  0.00100713  383.927    -11.7040984286    -11.6986272107    -11.6976200843   0.278043E+01     3.08
       505  0.00101114  386.705    -11.7041420226    -11.6986312208    -11.6976200781   0.278813E+01     3.06
       506  0.00101553  389.636    -11.7041881723    -11.6986355943    -11.6976200692   0.279573E+01     2.97
       507  0.00102063  392.704    -11.7042369974    -11.6986407087    -11.6976200761   0.280324E+01     3.09
       508  0.00102665  395.888    -11.7042884095    -11.6986467336    -11.6976200793   0.281065E+01     3.13
       509  0.00103383  399.173    -11.7043423762    -11.6986538951    -11.6976200609   0.281798E+01     3.13
       510  0.00104268  402.539    -11.7043991684    -11.6986627223    -11.6976200411   0.282521E+01     3.11
       511  0.00105369  405.968    -11.7044590596    -11.6986737447    -11.6976200582   0.283236E+01     3.01
       512  0.00106679  409.443    -11.7045217596    -11.6986869203    -11.6976201255   0.283942E+01     3.11
       513  0.00108123  412.948    -11.7045862224    -11.6987014376    -11.6976202126   0.284640E+01     3.13
       514  0.00109590  416.467    -11.7046511042    -11.6987161691    -11.6976202718   0.285331E+01     3.04
       515  0.00111009  419.987    -11.7047154699    -11.6987303771    -11.6976202894   0.286014E+01     3.05
       516  0.00112363  423.494    -11.7047790005    -11.6987439290    -11.6976202959   0.286690E+01     2.98
       517  0.00113655  426.976    -11.7048415589    -11.6987568709    -11.6976203185   0.287359E+01     2.94
       518  0.00114869  430.419    -11.7049027900    -11.6987690372    -11.6976203498   0.288022E+01     3.00
       519  0.00115977  433.809    -11.7049622072    -11.6987801403    -11.6976203724   0.288679E+01     3.08
       520  0.00116964  437.132    -11.7050194487    -11.6987900263    -11.6976203814   0.289331E+01     2.99
       521  0.00117837  440.373    -11.7050743595    -11.6987987535    -11.6976203834   0.289978E+01     3.10
       522  0.00118609  443.516    -11.7051268857    -11.6988064845    -11.6976203946   0.290621E+01     3.10
       523  0.00119282  446.546    -11.7051768319    -11.6988132471    -11.6976204249   0.291259E+01     3.02
       524  0.00119836  449.447    -11.7052237304    -11.6988188106    -11.6976204540   0.291895E+01     3.09
       525  0.00120254  452.200    -11.7052671445    -11.6988229960    -11.6976204528   0.292527E+01     3.23
       526  0.00120566  454.785    -11.7053070825    -11.6988260912    -11.6976204277   0.293157E+01     3.23
       527  0.00120835  457.182    -11.7053439093    -11.6988287558    -11.6976204070   0.293786E+01     3.10
       528  0.00121120  459.371    -11.7053779435    -11.6988316047    -11.6976204009   0.294413E+01     3.09
       529  0.00121459  461.330    -11.7054092741    -11.6988350090    -11.6976204148   0.295039E+01     3.20
       530  0.00121852  463.043    -11.7054376551    -11.6988389795    -11.6976204639   0.295666E+01     3.16
       531  0.00122242  464.494    -11.7054623034    -11.6988429588    -11.6976205391   0.296292E+01     3.05
       532  0.00122538  465.668    -11.7054820551    -11.6988459767    -11.6976206002   0.296920E+01     3.04
       533  0.00122661  466.555    -11.7054959484    -11.6988472341    -11.6976206258   0.297550E+01     3.00
       534  0.00122580  467.145    -11.7055035527    -11.6988464298    -11.6976206256   0.298181E+01     3.13
       535  0.00122305  467.432    -11.7055048628    -11.6988436476    -11.6976206015   0.298816E+01     3.08
       536  0.00121876  467.413    -11.7055002609    -11.6988393111    -11.6976205501   0.299453E+01     3.04
       537  0.00121370  467.090    -11.7054905361    -11.6988341965    -11.6976204943   0.300094E+01     2.96
       538  0.00120861  466.466    -11.7054765338    -11.6988290805    -11.6976204683   0.300740E+01     3.15
       539  0.00120377  465.551    -11.7054586564    -11.6988242436    -11.6976204764   0.301390E+01     3.16
       540  0.00119891  464.356    -11.7054367900    -11.6988194007    -11.6976204957   0.302046E+01     3.04
       541  0.00119354  462.898    -11.7054106399    -11.6988140405    -11.6976205035   0.302708E+01     3.11
       542  0.00118730  461.193    -11.7053800855    -11.6988077807    -11.6976204850   0.303376E+01     3.11
       543  0.00118018  459.263    -11.7053454231    -11.6988006121    -11.6976204307   0.304051E+01     3.15
       544  0.00117270  457.134    -11.7053075067    -11.6987930421    -11.6976203460   0.304733E+01     3.17
       545  0.00116575  454.831    -11.7052676534    -11.6987860094    -11.6976202573   0.305424E+01     3.07
       546  0.00116029  452.382    -11.7052272374    -11.6987804889    -11.6976201970   0.306122E+01     3.10
       547  0.00115684  449.816    -11.7051871997    -11.6987770149    -11.6976201772   0.306830E+01     3.19
       548  0.00115532  447.162    -11.7051478613    -11.6987755033    -11.6976201855   0.307547E+01     3.23
       549  0.00115521  444.447    -11.7051090923    -11.6987754249    -11.6976202107   0.308274E+01     2.96
       550  0.00115572  441.699    -11.7050704802    -11.6987759718    -11.6976202507   0.309011E+01     3.02
       551  0.00115584  438.946    -11.7050313970    -11.6987761200    -11.6976202839   0.309759E+01     3.00
       552  0.00115470  436.216    -11.7049913447    -11.6987749720    -11.6976202722   0.310518E+01     3.16
       553  0.00115209  433.537    -11.7049505007    -11.6987723027    -11.6976202165   0.311289E+01     3.17
       554  0.00114837  430.938    -11.7049096881    -11.6987685349    -11.6976201666   0.312072E+01     3.03
       555  0.00114389  428.445    -11.7048696622    -11.6987640356    -11.6976201494   0.312867E+01     3.08
       556  0.00113860  426.084    -11.7048307187    -11.6987587337    -11.6976201360   0.313675E+01     3.19
       557  0.00113242  423.879    -11.7047930844    -11.6987525212    -11.6976201035   0.314497E+01     3.27
       558  0.00112550  421.851    -11.7047572349    -11.6987455799    -11.6976200764   0.315332E+01     3.12
       559  0.00111798  420.016    -11.7047235668    -11.6987380590    -11.6976200749   0.316182E+01     3.04
       560  0.00110973  418.389    -11.7046921199    -11.6987297999    -11.6976200728   0.317045E+01     3.07
       561  0.00110067  416.980    -11.7046629526    -11.6987207100    -11.6976200378   0.317923E+01     3.15
       562  0.00109124  415.797    -11.7046366030    -11.6987112175    -11.6976199808   0.318816E+01     3.18
       563  0.00108218  414.846    -11.7046139423    -11.6987021147    -11.6976199327   0.319724E+01     3.07
       564  0.00107420  414.130    -11.7045957274    -11.6986940991    -11.6976199008   0.320648E+01     3.08
       565  0.00106777  413.653    -11.7045824781    -11.6986876414    -11.6976198752   0.321586E+01     3.02
       566  0.00106324  413.419    -11.7045745961    -11.6986830990    -11.6976198605   0.322541E+01     3.29
       567  0.00106079  413.430    -11.7045723010    -11.6986806533    -11.6976198682   0.323510E+01     3.06
       568  0.00106027  413.687    -11.7045754764    -11.6986801630    -11.6976198927   0.324496E+01     3.00
       569  0.00106132  414.191    -11.7045837416    -11.6986812476    -11.6976199243   0.325497E+01     3.11
       570  0.00106346  414.939    -11.7045965852    -11.6986834316    -11.6976199682   0.326514E+01     3.17
       571  0.00106607  415.925    -11.7046133050    -11.6986860932    -11.6976200235   0.327546E+01     3.24
       572  0.00106844  417.141    -11.7046330480    -11.6986885064    -11.6976200640   0.328595E+01     3.10
       573  0.00107015  418.575    -11.7046551919    -11.6986902195    -11.6976200712   0.329659E+01     2.99
       574  0.00107124  420.212    -11.7046796032    -11.6986913060    -11.6976200648   0.330738E+01     3.14
       575  0.00107201  422.035    -11.7047063630    -11.6986920815    -11.6976200693   0.331833E+01     3.29
       576  0.00107266  424.027    -11.7047354135    -11.6986927427    -11.6976200786   0.332944E+01     3.01
       577  0.00107336  426.169    -11.7047666336    -11.6986934371    -11.6976200755   0.334069E+01     2.94
       578  0.00107444  428.442    -11.7048000826    -11.6986945020    -11.6976200583   0.335210E+01     3.10
       579  0.00107647  430.825    -11.7048360430    -11.6986965033    -11.6976200298   0.336365E+01     3.06
       580  0.00108020  433.298    -11.7048749809    -11.6987001904    -11.6976199945   0.337534E+01     3.06
       581  0.00108641  435.843    -11.7049174438    -11.6987063901    -11.6976199798   0.338718E+01     3.05
       582  0.00109557  438.440    -11.7049636433    -11.6987155868    -11.6976200184   0.339916E+01     2.95
       583  0.00110735  441.069    -11.7050129822    -11.6987274509    -11.6976201027   0.341127E+01     3.04
       584  0.00112076  443.713    -11.7050641666    -11.6987409573    -11.6976201935   0.342351E+01     3.02
       585  0.00113468  446.352    -11.7051157694    -11.6987549563    -11.6976202749   0.343588E+01     3.06
       586  0.00114808  448.965    -11.7051664869    -11.6987684373    -11.6976203548   0.344838E+01     3.12
       587  0.00116003  451.530    -11.7052150618    -11.6987804536    -11.6976204215   0.346099E+01     3.12
       588  0.00116985  454.025    -11.7052604633    -11.6987902991    -11.6976204506   0.347372E+01     3.12
       589  0.00117739  456.427    -11.7053022270    -11.6987978378    -11.6976204484   0.348655E+01     3.09
       590  0.00118297  458.713    -11.7053403699    -11.6988034087    -11.6976204383   0.349949E+01     3.04
       591  0.00118707  460.861    -11.7053750617    -11.6988074862    -11.6976204211   0.351253E+01     3.01
       592  0.00119025  462.852    -11.7054065911    -11.6988106410    -11.6976203921   0.352566E+01     3.05
       593  0.00119321  464.668    -11.7054354090    -11.6988135816    -11.6976203683   0.353888E+01     3.05
       594  0.00119656  466.292    -11.7054618935    -11.6988169219    -11.6976203583   0.355218E+01     3.04
       595  0.00120072  467.709    -11.7054862327    -11.6988210679    -11.6976203463   0.356556E+01     3.05
       596  0.00120608  468.905    -11.7055086239    -11.6988264189    -11.6976203358   0.357901E+01     2.95
       597  0.00121295  469.866    -11.7055292119    -11.6988333045    -11.6976203554   0.359252E+01     2.96
       598  0.00122117  470.582    -11.7055476912    -11.6988415810    -11.6976204068   0.360610E+01     3.04
       599  0.00123013  471.043    -11.7055632800    -11.6988505975    -11.6976204636   0.361973E+01     3.07
       600  0.00123903  471.243    -11.7055750828    -11.6988595513    -11.6976205195   0.363340E+01     3.12
       601  0.00124703  471.178    -11.7055822086    -11.6988676034    -11.6976205752   0.364712E+01     3.12
       602  0.00125332  470.847    -11.7055838051    -11.6988739189    -11.6976206020   0.366087E+01     3.10
       603  0.00125751  470.250    -11.7055794742    -11.6988780927    -11.6976205797   0.367465E+01     3.12
       604  0.00125991  469.389    -11.7055695511    -11.6988804440    -11.6976205334   0.368845E+01     3.09
       605  0.00126118  468.264    -11.7055547547    -11.6988816750    -11.6976204902   0.370227E+01     3.00
       606  0.00126201  466.878    -11.7055357850    -11.6988824678    -11.6976204531   0.371610E+01     3.06
       607  0.00126293  465.231    -11.7055132227    -11.6988833739    -11.6976204407   0.372993E+01     3.05
       608  0.00126403  463.328    -11.7054872404    -11.6988845077    -11.6976204791   0.374375E+01     3.22
       609  0.00126464  461.176    -11.7054572542    -11.6988851818    -11.6976205433   0.375756E+01     2.96
       610  0.00126371  458.787    -11.7054223049    -11.6988842800    -11.6976205749   0.377136E+01     3.02
       611  0.00126055  456.175    -11.7053819064    -11.6988811067    -11.6976205564   0.378513E+01     3.14
       612  0.00125517  453.357    -11.7053363291    -11.6988756813    -11.6976205114   0.379886E+01     3.18
       613  0.00124798  450.354    -11.7052862810    -11.6988684336    -11.6976204550   0.381256E+01     3.02
       614  0.00123958  447.185    -11.7052326650    -11.6988599758    -11.6976203919   0.382621E+01     3.03
       615  0.00123068  443.871    -11.7051764786    -11.6988510137    -11.6976203372   0.383980E+01     2.98
       616  0.00122181  440.433    -11.7051185815    -11.6988421231    -11.6976203082   0.385334E+01     3.19
       617  0.00121318  436.888    -11.7050594360    -11.6988334942    -11.6976203097   0.386681E+01     3.18
       618  0.00120453  433.255    -11.7049990350    -11.6988248601    -11.6976203295   0.388020E+01     3.10
       619  0.00119535  429.552    -11.7049370978    -11.6988156874    -11.6976203385   0.389352E+01     3.02
       620  0.00118529  425.798    -11.7048735120    -11.6988056086    -11.6976203145   0.390676E+01     3.12
       621  0.00117445  422.010    -11.7048086499    -11.6987947273    -11.6976202743   0.391990E+01     3.22
       622  0.00116311  418.209    -11.7047431192    -11.6987833613    -11.6976202545   0.393295E+01     3.04
       623  0.00115125  414.417    -11.7046772351    -11.6987715154    -11.6976202628   0.394590E+01     3.07
       624  0.00113849  410.657    -11.7046108983    -11.6987587682    -11.6976202748   0.395874E+01     3.09
       625  0.00112438  406.950    -11.7045439469    -11.6987446404    -11.6976202654   0.397147E+01     3.19
       626  0.00110878  403.318    -11.7044765477    -11.6987290026    -11.6976202228   0.398408E+01     3.16
       627  0.00109212  399.778    -11.7044093820    -11.6987122717    -11.6976201518   0.399657E+01     3.06
       628  0.00107526  396.349    -11.7043435686    -11.6986953367    -11.6976200720   0.400894E+01     3.07
       629  0.00105926  393.042    -11.7042803696    -11.6986792601    -11.6976200004   0.402117E+01     3.00
       630  0.00104506  389.871    -11.7042209287    -11.6986650078    -11.6976199443   0.403327E+01     3.19
       631  0.00103339  386.847    -11.7041661346    -11.6986533045    -11.6976199171   0.404524E+01     3.09
       632  0.00102449  383.982    -11.7041164118    -11.6986444177    -11.6976199311   0.405706E+01     3.09
       633  0.00101802  381.285    -11.7040715595    -11.6986379918    -11.6976199683   0.406874E+01     3.06
       634  0.00101332  378.769    -11.7040310257    -11.6986333175    -11.6976199945   0.408026E+01     3.17
       635  0.00100982  376.444    -11.7039944005    -11.6986298224    -11.6976200033   0.409164E+01     3.20
       636  0.00100716  374.323    -11.7039615253    -11.6986271780    -11.6976200136   0.410286E+01     2.98
       637  0.00100500  372.417    -11.7039322270    -11.6986250366    -11.6976200367   0.411391E+01     2.93
       638  0.00100279  370.739    -11.7039061421    -11.6986228628    -11.6976200699   0.412481E+01     3.09
       639  0.00099987  369.300    -11.7038827499    -11.6986199767    -11.6976201049   0.413554E+01     3.24
       640  0.00099558  368.110    -11.7038615099    -11.6986157014    -11.6976201246   0.414611E+01     3.15
       641  0.00098954  367.175    -11.7038421339    -11.6986096447    -11.6976201071   0.415650E+01     2.96
       642  0.00098199  366.501    -11.7038249142    -11.6986020314    -11.6976200444   0.416672E+01     3.03
       643  0.00097388  366.089    -11.7038108441    -11.6985938253    -11.6976199502   0.417677E+01     3.16
       644  0.00096666  365.940    -11.7038014028    -11.6985865136    -11.6976198553   0.418664E+01     3.16
       645  0.00096183  366.049    -11.7037980779    -11.6985816276    -11.6976197941   0.419633E+01     2.98
       646  0.00096043  366.413    -11.7038018345    -11.6985802100    -11.6976197845   0.420585E+01     3.05
       647  0.00096272  367.022    -11.7038128392    -11.6985825357    -11.6976198196   0.421519E+01     3.12
       648  0.00096832  367.867    -11.7038305552    -11.6985882024    -11.6976198808   0.422435E+01     3.15
       649  0.00097647  368.938    -11.7038540330    -11.6985964156    -11.6976199452   0.423333E+01     3.18
       650  0.00098635  370.223    -11.7038822725    -11.6986063430    -11.6976199905   0.424213E+01     3.01
       651  0.00099743  371.710    -11.7039145555    -11.6986174423    -11.6976200171   0.425076E+01     2.97
       652  0.00100939  373.385    -11.7039504308    -11.6986294400    -11.6976200514   0.425920E+01     3.14
       653  0.00102185  375.238    -11.7039893420    -11.6986419546    -11.6976201022   0.426747E+01     3.15
       654  0.00103423  377.255    -11.7040305088    -11.6986543742    -11.6976201423   0.427557E+01     3.05
       655  0.00104608  379.426    -11.7040733122    -11.6986662349    -11.6976201510   0.428349E+01     2.97
       656  0.00105739  381.742    -11.7041176020    -11.6986775234    -11.6976201351   0.429123E+01     3.09
       657  0.00106850  384.194    -11.7041636249    -11.6986886010    -11.6976201002   0.429881E+01     3.20
       658  0.00108007  386.776    -11.7042119380    -11.6987001176    -11.6976200494   0.430622E+01     3.10
       659  0.00109292  389.483    -11.7042633224    -11.6987129304    -11.6976200110   0.431347E+01     2.99
       660  0.00110767  392.309    -11.7043183548    -11.6987276867    -11.6976200176   0.432056E+01     3.08
       661  0.00112429  395.250    -11.7043769311    -11.6987443605    -11.6976200667   0.432749E+01     3.11
       662  0.00114215  398.297    -11.7044382889    -11.6987622884    -11.6976201344   0.433426E+01     3.13
       663  0.00116032  401.443    -11.7045013548    -11.6987805261    -11.6976202061   0.434089E+01     3.12
       664  0.00117783  404.675    -11.7045649903    -11.6987981002    -11.6976202697   0.434737E+01     3.09
       665  0.00119389  407.980    -11.7046281853    -11.6988142026    -11.6976203151   0.435372E+01     3.11
       666  0.00120798  411.340    -11.7046902008    -11.6988283321    -11.6976203518   0.435993E+01     3.11
       667  0.00121976  414.737    -11.7047504288    -11.6988401510    -11.6976203956   0.436601E+01     3.08
       668  0.00122883  418.150    -11.7048081780    -11.6988492663    -11.6976204368   0.437197E+01     3.11
       669  0.00123491  421.556    -11.7048628117    -11.6988553614    -11.6976204549   0.437782E+01     3.06
       670  0.00123803  424.932    -11.7049140394    -11.6988584789    -11.6976204498   0.438355E+01     2.97
       671  0.00123859  428.254    -11.7049619291    -11.6988590246    -11.6976204319   0.438918E+01     3.02
       672  0.00123722  431.499    -11.7050067677    -11.6988576193    -11.6976204016   0.439472E+01     3.03
       673  0.00123471  434.644    -11.7050490363    -11.6988550699    -11.6976203626   0.440017E+01     3.03
       674  0.00123196  437.667    -11.7050893383    -11.6988522971    -11.6976203325   0.440553E+01     3.03
       675  0.00122975  440.545    -11.7051281371    -11.6988500772    -11.6976203267   0.441081E+01     3.06
       676  0.00122847  443.257    -11.7051655246    -11.6988488138    -11.6976203462   0.441603E+01     3.04
       677  0.00122813  445.781    -11.7052011969    -11.6988485151    -11.6976203837   0.442119E+01     3.08
       678  0.00122846  448.096    -11.7052345622    -11.6988488964    -11.6976204319   0.442629E+01     3.13
       679  0.00122900  450.180    -11.7052648555    -11.6988494855    -11.6976204870   0.443134E+01     3.14
       680  0.00122912  452.016    -11.7052911987    -11.6988496684    -11.6976205472   0.443636E+01     3.12
       681  0.00122811  453.588    -11.7053126404    -11.6988487149    -11.6976206038   0.444134E+01     3.11
       682  0.00122526  454.883    -11.7053282890    -11.6988459005    -11.6976206451   0.444630E+01     3.06
       683  0.00122000  455.895    -11.7053374845    -11.6988406713    -11.6976206697   0.445125E+01     3.12
       684  0.00121200  456.621    -11.7053398298    -11.6988326742    -11.6976206773   0.445618E+01     3.13
       685  0.00120115  457.061    -11.7053352229    -11.6988217937    -11.6976206477   0.446112E+01     3.12
       686  0.00118790  457.220    -11.7053241573    -11.6988084617    -11.6976205616   0.446607E+01     3.10
       687  0.00117349  457.105    -11.7053079826    -11.6987939304    -11.6976204413   0.447103E+01     3.13
       688  0.00115961  456.724    -11.7052885636    -11.6987799423    -11.6976203365   0.447602E+01     3.03
       689  0.00114773  456.087    -11.7052675439    -11.6987680026    -11.6976202734   0.448104E+01     3.13
       690  0.00113872  455.204    -11.7052459324    -11.6987589679    -11.6976202473   0.448611E+01     3.14
       691  0.00113283  454.088    -11.7052241439    -11.6987530841    -11.6976202522   0.449122E+01     3.05
       692  0.00112979  452.752    -11.7052020905    -11.6987500718    -11.6976202861   0.449639E+01     3.00
       693  0.00112883  451.211    -11.7051792281    -11.6987491675    -11.6976203390   0.450163E+01     3.01
       694  0.00112888  449.483    -11.7051547120    -11.6987492801    -11.6976203974   0.450693E+01     3.11
       695  0.00112875  447.586    -11.7051276017    -11.6987492018    -11.6976204519   0.451232E+01     3.06
       696  0.00112730  445.540    -11.7050970260    -11.6987477842    -11.6976204886   0.451779E+01     3.02
       697  0.00112367  443.364    -11.7050624001    -11.6987441661    -11.6976204929   0.452335E+01     3.06
       698  0.00111754  441.077    -11.7050236439    -11.6987379991    -11.6976204625   0.452901E+01     3.10
       699  0.00110909  438.698    -11.7049812249    -11.6987294904    -11.6976204017   0.453478E+01     3.23
       700  0.00109904  436.243    -11.7049361064    -11.6987193450    -11.6976203096   0.454065E+01     3.10
       701  0.00108856  433.733    -11.7048897439    -11.6987087516    -11.6976201950   0.454665E+01     3.04
       702  0.00107913  431.188    -11.7048439278    -11.6986992164    -11.6976200894   0.455277E+01     3.08
       703  0.00107205  428.627    -11.7048003030    -11.6986920744    -11.6976200251   0.455901E+01     3.31
       704  0.00106799  426.077    -11.7047598839    -11.6986880012    -11.6976200083   0.456540E+01     3.15
       705  0.00106688  423.562    -11.7047229445    -11.6986869032    -11.6976200260   0.457192E+01     3.04
       706  0.00106805  421.110    -11.7046892101    -11.6986881143    -11.6976200613   0.457859E+01     3.05
       707  0.00107058  418.749    -11.7046581283    -11.6986906751    -11.6976200938   0.458541E+01     3.18
       708  0.00107356  416.509    -11.7046291914    -11.6986936653    -11.6976201050   0.459238E+01     3.22
       709  0.00107639  414.417    -11.7046022108    -11.6986964904    -11.6976200970   0.459951E+01     3.10
       710  0.00107877  412.502    -11.7045772839    -11.6986988606    -11.6976200902   0.460681E+01     3.04
       711  0.00108042  410.787    -11.7045545063    -11.6987005114    -11.6976200904   0.461427E+01     3.15
       712  0.00108106  409.297    -11.7045338918    -11.6987011305    -11.6976200752   0.462191E+01     3.32
       713  0.00108066  408.052    -11.7045156981    -11.6987006863    -11.6976200243   0.462972E+01     3.04
       714  0.00107977  407.068    -11.7045007198    -11.6986997217    -11.6976199490   0.463771E+01     3.10
       715  0.00107931  406.362    -11.7044901236    -11.6986991904    -11.6976198783   0.464588E+01     3.13
       716  0.00108019  405.945    -11.7044850141    -11.6987000253    -11.6976198324   0.465424E+01     3.10
       717  0.00108299  405.826    -11.7044861081    -11.6987028168    -11.6976198235   0.466277E+01     3.14
       718  0.00108776  406.010    -11.7044935357    -11.6987076182    -11.6976198585   0.467150E+01     3.09
       719  0.00109394  406.499    -11.7045067511    -11.6987138612    -11.6976199190   0.468042E+01     3.02
       720  0.00110069  407.292    -11.7045248291    -11.6987206520    -11.6976199641   0.468952E+01     3.15
       721  0.00110739  408.380    -11.7045470630    -11.6987273679    -11.6976199801   0.469882E+01     3.27
       722  0.00111384  409.757    -11.7045731587    -11.6987338443    -11.6976200012   0.470831E+01     3.15
       723  0.00111983  411.410    -11.7046027480    -11.6987398816    -11.6976200564   0.471800E+01     3.11
       724  0.00112470  413.325    -11.7046349724    -11.6987448215    -11.6976201264   0.472788E+01     2.99
       725  0.00112764  415.485    -11.7046687560    -11.6987478180    -11.6976201730   0.473795E+01     3.10
       726  0.00112822  417.873    -11.7047033721    -11.6987484027    -11.6976201795   0.474821E+01     3.21
       727  0.00112661  420.469    -11.7047387176    -11.6987467598    -11.6976201479   0.475867E+01     3.06
       728  0.00112361  423.250    -11.7047752883    -11.6987436991    -11.6976200912   0.476931E+01     3.06
       729  0.00112040  426.193    -11.7048139648    -11.6987404363    -11.6976200380   0.478015E+01     3.10
       730  0.00111812  429.273    -11.7048555697    -11.6987381409    -11.6976200171   0.479117E+01     3.25
       731  0.00111747  432.467    -11.7049004410    -11.6987375012    -11.6976200298   0.480238E+01     3.12
       732  0.00111863  435.749    -11.7049483994    -11.6987386877    -11.6976200574   0.481377E+01     3.04
       733  0.00112154  439.095    -11.7049990209    -11.6987416270    -11.6976200861   0.482533E+01     3.06
       734  0.00112611  442.480    -11.7050518520    -11.6987462228    -11.6976201137   0.483707E+01     3.15
       735  0.00113225  445.877    -11.7051064472    -11.6987523961    -11.6976201479   0.484898E+01     3.24
       736  0.00113976  449.262    -11.7051622463    -11.6987599621    -11.6976202042   0.486105E+01     3.11
       737  0.00114811  452.607    -11.7052183475    -11.6987683938    -11.6976202871   0.487328E+01     3.04
       738  0.00115638  455.887    -11.7052734514    -11.6987767560    -11.6976203746   0.488566E+01     3.08
       739  0.00116359  459.078    -11.7053261942    -11.6987840298    -11.6976204372   0.489819E+01     3.34
       740  0.00116908  462.156    -11.7053755858    -11.6987895505    -11.6976204658   0.491085E+01     3.17
       741  0.00117270  465.101    -11.7054211648    -11.6987931698    -11.6976204666   0.492365E+01     3.08
       742  0.00117473  467.889    -11.7054629127    -11.6987951801    -11.6976204490   0.493658E+01     3.16
       743  0.00117574  470.499    -11.7055010961    -11.6987961641    -11.6976204288   0.494962E+01     3.14
       744  0.00117633  472.909    -11.7055360246    -11.6987967523    -11.6976204202   0.496278E+01     2.99
       745  0.00117699  475.096    -11.7055678427    -11.6987974068    -11.6976204188   0.497604E+01     2.98
       746  0.00117806  477.039    -11.7055965910    -11.6987984721    -11.6976204119   0.498939E+01     3.04
       747  0.00117992  478.717    -11.7056223726    -11.6988003322    -11.6976204079   0.500283E+01     2.97
       748  0.00118285  480.114    -11.7056452291    -11.6988032811    -11.6976204301   0.501636E+01     2.94
       749  0.00118669  481.214    -11.7056647986    -11.6988071802    -11.6976204870   0.502995E+01     2.95
       750  0.00119077  482.002    -11.7056801882    -11.6988113312    -11.6976205648   0.504360E+01     2.98
       751  0.00119404  482.469    -11.7056901785    -11.6988146786    -11.6976206417   0.505730E+01     2.98
       752  0.00119546  482.603    -11.7056935683    -11.6988161511    -11.6976206923   0.507105E+01     3.00
       753  0.00119436  482.400    -11.7056895753    -11.6988150565    -11.6976206927   0.508483E+01     3.07
       754  0.00119080  481.855    -11.7056781990    -11.6988114382    -11.6976206413   0.509863E+01     3.07
       755  0.00118552  480.970    -11.7056602338    -11.6988060840    -11.6976205674   0.511245E+01     3.01
       756  0.00117958  479.749    -11.7056368328    -11.6988000857    -11.6976205017   0.512627E+01     3.05
       757  0.00117393  478.200    -11.7056090482    -11.6987943790    -11.6976204482   0.514008E+01     3.00
       758  0.00116927  476.335    -11.7055777509    -11.6987896651    -11.6976203989   0.515388E+01     3.07
       759  0.00116615  474.168    -11.7055437254    -11.6987865112    -11.6976203625   0.516765E+01     3.03
       760  0.00116487  471.719    -11.7055075387    -11.6987852308    -11.6976203589   0.518138E+01     2.97
       761  0.00116520  469.006    -11.7054692466    -11.6987855998    -11.6976203962   0.519506E+01     2.96
       762  0.00116628  466.050    -11.7054282711    -11.6987867451    -11.6976204636   0.520869E+01     2.97
       763  0.00116678  462.873    -11.7053835686    -11.6987873175    -11.6976205346   0.522225E+01     2.97
       764  0.00116535  459.497    -11.7053340543    -11.6987859181    -11.6976205687   0.523573E+01     2.96
       765  0.00116119  455.944    -11.7052792254    -11.6987817209    -11.6976205343   0.524914E+01     2.97
       766  0.00115450  452.238    -11.7052196278    -11.6987749405    -11.6976204431   0.526244E+01     2.98
       767  0.00114632  448.401    -11.7051566792    -11.6987666607    -11.6976203419   0.527565E+01     2.97
       768  0.00113788  444.458    -11.7050919748    -11.6987581477    -11.6976202638   0.528874E+01     2.97
       769  0.00113014  440.431    -11.7050267763    -11.6987503467    -11.6976202091   0.530172E+01     2.96
       770  0.00112368  436.339    -11.7049619779    -11.6987438511    -11.6976201717   0.531457E+01     3.03
       771  0.00111883  432.205    -11.7048981860    -11.6987389802    -11.6976201545   0.532728E+01     3.00
       772  0.00111558  428.046    -11.7048356886    -11.6987357403    -11.6976201566   0.533986E+01     3.19
       773  0.00111366  423.885    -11.7047744705    -11.6987338323    -11.6976201714   0.535228E+01     3.04
       774  0.00111254  419.739    -11.7047143024    -11.6987327344    -11.6976201984   0.536455E+01     2.99
       775  0.00111149  415.632    -11.7046547628    -11.6987317215    -11.6976202348   0.537666E+01     3.01
       776  0.00110966  411.586    -11.7045952956    -11.6987299250    -11.6976202628   0.538861E+01     3.10
       777  0.00110634  407.621    -11.7045354801    -11.6987266067    -11.6976202623   0.540038E+01     3.05
       778  0.00110123  403.761    -11.7044753338    -11.6987214633    -11.6976202305   0.541196E+01     2.95
       779  0.00109450  400.029    -11.7044153593    -11.6987146762    -11.6976201785   0.542337E+01     2.95
       780  0.00108663  396.447    -11.7043563838    -11.6987067508    -11.6976201165   0.543459E+01     2.98
       781  0.00107830  393.037    -11.7042993947    -11.6986983549    -11.6976200530   0.544561E+01     3.06
       782  0.00107019  389.821    -11.7042454023    -11.6986901853    -11.6976199977   0.545643E+01     3.04
       783  0.00106287  386.821    -11.7041952914    -11.6986828274    -11.6976199547   0.546705E+01     2.96
       784  0.00105679  384.056    -11.7041497625    -11.6986767064    -11.6976199178   0.547747E+01     2.96
       785  0.00105229  381.542    -11.7041094145    -11.6986721792    -11.6976198850   0.548767E+01     3.02
       786  0.00104969  379.295    -11.7040747612    -11.6986695593    -11.6976198724   0.549767E+01     3.19
       787  0.00104898  377.323    -11.7040459869    -11.6986688766    -11.6976199015   0.550745E+01     3.08
       788  0.00104959  375.636    -11.7040226308    -11.6986695613    -11.6976199721   0.551701E+01     2.99
       789  0.00105040  374.238    -11.7040035992    -11.6986704518    -11.6976200555   0.552636E+01     3.01
       790  0.00105010  373.132    -11.7039875975    -11.6986702206    -11.6976201165   0.553549E+01     3.10
       791  0.00104778  372.317    -11.7039736731    -11.6986679102    -11.6976201346   0.554439E+01     3.11
       792  0.00104314  371.792    -11.7039615400    -11.6986632518    -11.6976201094   0.555307E+01     3.01
       793  0.00103662  371.556    -11.7039515909    -11.6986566735    -11.6976200542   0.556153E+01     2.94
       794  0.00102911  371.604    -11.7039446961    -11.6986490967    -11.6976199842   0.556977E+01     3.00
       795  0.00102179  371.931    -11.7039419688    -11.6986416997    -11.6976199102   0.557778E+01     3.07
       796  0.00101588  372.533    -11.7039445799    -11.6986357313    -11.6976198479   0.558557E+01     3.17
       797  0.00101243  373.403    -11.7039535015    -11.6986322544    -11.6976198219   0.559313E+01     2.95
       798  0.00101192  374.534    -11.7039691342    -11.6986317725    -11.6976198479   0.560047E+01     2.98
       799  0.00101408  375.917    -11.7039910698    -11.6986339942    -11.6976199189   0.560759E+01     3.07
       800  0.00101792  377.544    -11.7040181909    -11.6986379324    -11.6976200156   0.561448E+01     3.09
