      1       12.48589258909738       12.50030842738963       13.20831724629359       -0.00006873349997        0.00010263563286        0.00007200944083
      1       14.29195049788540       12.49497674230239       12.51198067096542        0.00088191607397       -0.00166941643987       -0.00003987366269
      1       11.60734794658506       14.05562559394511       12.46601213757187        0.00051353708356        0.00070755473956       -0.00185795823796
      1       11.60448377043999       10.94511178574263       12.47428835706238       -0.00043872287989       -0.00046295990921        0.00089259521964
      6       12.48491647931242       12.50183198032514       13.20931785311607       -0.00006090648251        0.00010153742285        0.00005976208147
      6       14.30469353146716       12.47069033373714       12.51143952674533        0.00079933136837       -0.00155517244150       -0.00002833194170
      6       11.61483379879706       14.06587694498903       12.43893895246151        0.00048590294331        0.00064487941208       -0.00173496151058
      6       11.59804330604277       10.93833068089805       12.48724164594445       -0.00041405754331       -0.00043274610445        0.00082947841073
     11       12.48402868251015       12.50341324198087       13.21015396437039       -0.00005909377264        0.00011047870881        0.00005455278429
     11       14.31582905468766       12.44818729836721       12.51119289630212        0.00068870662630       -0.00145654218849       -0.00000347184229
     11       11.62206751632635       14.07485528617981       12.41385498335604        0.00048422054619        0.00055250617176       -0.00162074325147
     11       11.59205276632219       10.93215252538693       12.49929158409110       -0.00038801035188       -0.00039431625434        0.00078431711294
     16       12.48313335934241       12.50511368139707       13.21099826125421       -0.00005957779193        0.00011362348471        0.00005814417951
     16       14.32550878238853       12.42667547017436       12.51134446593531        0.00060730298791       -0.00142170935811        0.00002375554792
     16       11.62948953762362       14.08249943095569       12.38999730529958        0.00050925991394        0.00046835329905       -0.00157024647084
     16       11.58628737884892       10.92636522532419       12.51095237204649       -0.00038488893647       -0.00038243376226        0.00077571619038
     21       12.48226518561267       12.50677870440302       13.21187462462917       -0.00005553464363        0.00010868267424        0.00005723161169
     21       14.33409443312697       12.40538035654478       12.51191899872790        0.00053521215597       -0.00142019763624        0.00005401237933
     21       11.63742222614833       14.08890938028905       12.36659728162384        0.00055086255841        0.00038509949909       -0.00155208620857
     21       11.58043457072135       10.92060643682270       12.52264389754295       -0.00039650838193       -0.00038511412991        0.00078477793500
     26       12.48147652624185       12.50841266191297       13.21267535683715       -0.00004946208989        0.00011058553465        0.00004842505505
     26       14.34142985161032       12.38406663098575       12.51300652336656        0.00043667591363       -0.00142030215213        0.00009258075605
     26       11.64608189203071       14.09397973332665       12.34344417578829        0.00060671683683        0.00028664922973       -0.00153265312877
     26       11.57440287690239       10.91489671463219       12.53451344456072       -0.00040649715408       -0.00037087049236        0.00079800632260
     31       12.48078189531928       12.51011381887288       13.21331592775477       -0.00004328788967        0.00011636794172        0.00003719580921
     31       14.34705213259281       12.36281197698121       12.51473254426209        0.00030883113616       -0.00141198104462        0.00013870117719
     31       11.65570985063736       14.09737580308143       12.32069852642048        0.00067964061075        0.00016159558983       -0.00149689332795
     31       11.56827475105253       10.90964937768323       12.54659591419755       -0.00040928211652       -0.00032208854654        0.00081373213570
     36       12.48017151089322       12.51190479937592       13.21380650206811       -0.00003832109748        0.00012242007117        0.00002884673468
     36       14.35062124280255       12.34174715143088       12.51719347595797        0.00016558332329       -0.00139537029199        0.00019013680559
     36       11.66650454614455       14.09875214256886       12.29860260799390        0.00075951585389        0.00002090142362       -0.00144774516680
     36       11.56215269967012       10.90538559545856       12.55895177156915       -0.00040634465181       -0.00024260091131        0.00083454878635
     41       12.47963065832581       12.51378057447300       13.21419057303427       -0.00003368747351        0.00012724604834        0.00002233496266
     41       14.35200836358866       12.32098454665050       12.52044491948603        0.00001979849081       -0.00137180694818        0.00024328256862
     41       11.67846714378029       14.09800332340681       12.27728880884204        0.00083402085006       -0.00012032858855       -0.00139369382279
     41       11.55608792844319       10.90241043162406       12.57163470673059       -0.00040266244462       -0.00015480429120        0.00085588135166
     46       12.47916486042250       12.51571050828524       13.21446864040710       -0.00002832066296        0.00012980905670        0.00001433882570
     46       14.35123448519330       12.30062579827874       12.52448241720631       -0.00012236432041       -0.00134133217622        0.00029463001640
     46       11.69148713695416       14.09514666300889       12.25680095314515        0.00090076176154       -0.00026082900288       -0.00133755261155
     46       11.55005905991975       10.90069094472210       12.58459765740099       -0.00040154620202       -0.00007665351385        0.00087118910687
     51       12.47878140014502       12.51767259757592       13.21461227295695       -0.00002283853486        0.00013178318065        0.00000464485233
     51       14.34834506847558       12.28078270074529       12.52927641918332       -0.00026292553247       -0.00130290478880        0.00034450530652
     51       11.70546416200420       14.09016127079077       12.23717974264973        0.00096205758313       -0.00040478550164       -0.00127773240401
     51       11.54404224742342       10.90006664835220       12.59774388236989       -0.00040022508360       -0.00000741319800        0.00088107032233
     56       12.47847908860516       12.51966184584588       13.21460785418129       -0.00001747884906        0.00013331546366       -0.00000510119661
     56       14.34334564844870       12.26157817596727       12.53482031377099       -0.00040338376713       -0.00125636666861        0.00039484510576
     56       11.72032859273969       14.08298159473110       12.21849546590651        0.00101899592020       -0.00055288070895       -0.00121259953590
     56       11.53807186566829       10.90046521860191       12.61102704115804       -0.00039504431927        0.00006084048341        0.00089028608183
     61       12.47825661422052       12.52166909268378       13.21446494849834       -0.00001222012546        0.00013425882180       -0.00001370699197
     61       14.33626995908903       12.24311960912759       12.54112292295346       -0.00053810173330       -0.00120410037927        0.00044528180931
     61       11.73600406142708       14.07358765597329       12.20081441305609        0.00106961768962       -0.00069809795667       -0.00114499980490
     61       11.53220588950273       10.90189948434322       12.62446192244998       -0.00038693253518        0.00013040186309        0.00090134983517
     66       12.47811114233374       12.52368833502653       13.21420216585136       -0.00000723170330        0.00013488570617       -0.00002119482961
     66       14.32728260775076       12.22546135088324       12.54816273618324       -0.00065623454739       -0.00115052697934        0.00049236579979
     66       11.75237152374105       14.06210837438504       12.18412235271029        0.00111083968182       -0.00082896003761       -0.00108218227984
     66       11.52645400688748       10.90436579945851       12.63807068398006       -0.00038086777407        0.00019760879776        0.00091302536335
     71       12.47803797660540       12.52571168741412       13.21383109455836       -0.00000260379658        0.00013470316267       -0.00002822820472
     71       14.31670856600615       12.20858968521096       12.55585884293762       -0.00074844625152       -0.00109985161694        0.00053226988994
     71       11.76927776398059       14.04882872290016       12.16829377803012        0.00114143450610       -0.00093715799347       -0.00103075024426
     71       11.52074520944806       10.90779913200737       12.65184552160554       -0.00038188909294        0.00025904278402        0.00092328217128
     76       12.47803017925605       12.52772407973733       13.21335799259613        0.00000143160122        0.00013341499737       -0.00003466866157
     76       14.30497274604680       12.19243909879582       12.56408947804009       -0.00081086643965       -0.00105467801201        0.00056363835557
     76       11.78656591425865       14.03411781351358       12.15313020618798        0.00116187369483       -0.00101957521432       -0.00099369277486
     76       11.51495186850876       10.91211007279321       12.66576173246549       -0.00039230427960        0.00031486735757        0.00093206046916
     81       12.47807698726240       12.52970865438813       13.21279840450357        0.00000465278753        0.00013098640333       -0.00003958875026
     81       14.29252942978660       12.17691632785980       12.57273033801556       -0.00084262566070       -0.00101633949733        0.00058713570004
     81       11.80408755213758       14.01836777643656       12.13841206953961        0.00117254997279       -0.00107563002033       -0.00097138244186
     81       11.50892986305004       10.91722324041766       12.67980634106262       -0.00041234521183        0.00036599775009        0.00094060457492
     86       12.47816543035434       12.53164838337523       13.21218089351026        0.00000697153067        0.00012746529871       -0.00004233514690
     86       14.27984914801783       12.16191138106984       12.58166835589995       -0.00084203823420       -0.00098583961766        0.00060327113190
     86       11.82169110476429       14.00198086620960       12.12391522363396        0.00117251864447       -0.00110416783808       -0.00096448451488
     86       11.50253614216674       10.92306028423079       12.69398169926260       -0.00044182665939        0.00041087491614        0.00094947430496
     91       12.47828150942817       12.53352845457470       13.21153894907280        0.00000832974747        0.00012307321578       -0.00004288782031
     91       14.26743453039979       12.14729952414809       12.59079168718187       -0.00080692007618       -0.00096401693283        0.00061176138338
     91       11.83920255433478       13.98538357251075       12.10939457105793        0.00115992954211       -0.00110345983677       -0.00097488430455
     91       11.49563206991207       10.92950381519121       12.70828941111044       -0.00048022157210        0.00044629694699        0.00095809751067
     96       12.47841066196261       12.53533734938950       13.21090322791768        0.00000871946439        0.00011801173093       -0.00004156778821
     96       14.25580722981826       12.13294813383473       12.59998392467701       -0.00073743071589       -0.00095102976914        0.00061252439735
     96       11.85642285265795       13.96901688396516       12.09457933293434        0.00113359954166       -0.00107373826263       -0.00100376374744
     96       11.48809417311833       10.93639353204386       12.72271983978417       -0.00052592605661        0.00047022268270        0.00096575665850
    101       12.47853876513264       12.53706668852595       13.21029953782055        0.00000821080023        0.00011250792543       -0.00003865395171
    101       14.24545812202850       12.11872981546203       12.60913506918973       -0.00063751260215       -0.00094606856739        0.00060657349778
    101       11.87314627071760       13.95329533063469       12.07919774014253        0.00109392041849       -0.00101828184466       -0.00105000997918
    101       11.47983215130722       10.94355738701434       12.73725735425678       -0.00057624489664        0.00048312938990        0.00097243933178
    106       12.47865341281986       12.53871153315632       13.20975050150283        0.00000695780037        0.00010678619111       -0.00003430358540
    106       14.23679728061285       12.10453485052805       12.61815748239612       -0.00051355311158       -0.00094765427559        0.00059569512564
    106       11.88918525089397       13.93856613181626       12.06301075128022        0.00104279139584       -0.00094248254458       -0.00111050960989
    106       11.47079722151607       10.95084307595957       12.75189037912777       -0.00062862444467        0.00048678572147        0.00097856351611
    111       12.47874470012228       12.54027044274751       13.20927665586998        0.00000512440182        0.00010109728278       -0.00002866698644
    111       14.23013576579599       12.09027570230024       12.62699019290116       -0.00037199365663       -0.00095438965272        0.00058153160482
    111       11.90438799523786       13.92509161602360       12.04583145525087        0.00098294141400       -0.00085191580139       -0.00118167025120
    111       11.46096942079076       10.95812257258617       12.76661248834821       -0.00068190427740        0.00048239792387        0.00098431315459
    116       12.47880546689815       12.54174558858511       13.20889481849787        0.00000294621756        0.00009563888464       -0.00002214203617
    116       14.22569410397540       12.07588279992576       12.63559395058823       -0.00021873396916       -0.00096531197900        0.00056538828304
    116       11.91864722640249       13.91305454352170       12.02752562967345        0.00091761373345       -0.00075182103055       -0.00126005687900
    116       11.45033515372714       10.96527879780192       12.78141726571162       -0.00073619635658        0.00047051141339        0.00098952771203
    121       12.47883284571988       12.54314122997827       13.20861341191546        0.00000070637046        0.00009053027836       -0.00001539603652
    121       14.22359453337778       12.06130143954162       12.64394913778304       -0.00006110539664       -0.00097933737511        0.00054868163585
    121       11.93190751242207       13.90255560363867       12.00801412006316        0.00085042557702       -0.00064781940191       -0.00134168892171
    121       11.43887774847887       10.97220833245013       12.79629492716036       -0.00079166705287        0.00045248701234        0.00099404081518
    126       12.47882724268658       12.54446415669252       13.20843156543864       -0.00000139402300        0.00008595442161       -0.00000892656002
    126       14.22384587119239       12.04649291274460       12.65205922584823        0.00009333260063       -0.00099541730447        0.00053301181299
    126       11.94416848484689       13.89361196635279       11.98728040056454        0.00078500985724       -0.00054552301985       -0.00142216079183
    126       11.42658140673472       10.97883400111093       12.81123564874378       -0.00084789735207        0.00043043869463        0.00099798495041
    131       12.47879324440583       12.54572245393311       13.20834263476018       -0.00000306311414        0.00008194641368       -0.00000309227443
    131       14.22634178631031       12.03143472192824       12.65995384755811        0.00023685785438       -0.00101239867887        0.00052032120044
    131       11.95548199529146       13.88615363870164       11.96537944393331        0.00072459629362       -0.00045072190022       -0.00149642031362
    131       11.41344241091006       10.98511449722374       12.82623308278927       -0.00090378861735        0.00040693131396        0.00100164274395
    136       12.47873708596494       12.54692688922399       13.20833340567345       -0.00000433712049        0.00007881571711        0.00000163315225
    136       14.23086790133639       12.01612151309319       12.66769150094426        0.00036299619802       -0.00102920197512        0.00051231360732
    136       11.96594182766364       13.88003203588864       11.94243767634576        0.00067151939910       -0.00036801146940       -0.00156026833030
    136       11.39947643503529       10.99104637173250       12.84128451667835       -0.00095784109368        0.00038430954416        0.00100517362334
    141       12.47866694892948       12.54809056788670       13.20838437332325       -0.00000483572418        0.00007643739136        0.00000483807375
    141       14.23712353900631       12.00056608528953       12.67535085791632        0.00046665143054       -0.00104446272574        0.00051002562194
    141       11.97566937446488       13.87503810987078       11.91863913737095        0.00062713923260       -0.00030097353281       -0.00161003920269
    141       11.38472508232209       10.99665632914712       12.85638689881107       -0.00100815438802        0.00036429755279        0.00100841624165
    146       12.47859608916885       12.54922274048324       13.20846983505673       -0.00000449955553        0.00007466394730        0.00000625867835
    146       14.24474057119419       11.98480241550689       12.68302157730949        0.00054390967033       -0.00105665356839        0.00051384206832
    146       11.98480174990031       13.87091195653282       11.89421903288716        0.00059226045467       -0.00025282254583       -0.00164263127184
    146       11.36926012076332       11.00199516664716       12.87153448426439       -0.00105256771453        0.00034842271594        0.00101116043139
    151       12.47853507969046       12.55033496563258       13.20856371380196       -0.00000348554208        0.00007378119631        0.00000587994187
    151       14.25329983367926       11.96888991820261       12.69079574966071        0.00059183462958       -0.00106397366860        0.00052383157135
    151       11.99348415996032       13.86735057965719       11.86945559478250        0.00056716277618       -0.00022607820747       -0.00165537522585
    151       11.35318778117049       11.00713591611412       12.88671899483050       -0.00108872170762        0.00033817359491        0.00101333371579
    156       12.47849592448374       12.55143898094645       13.20863524794053       -0.00000158026559        0.00007349682877        0.00000327098342
    156       14.26234568257249       11.95291403769726       12.69876623670125        0.00060857803518       -0.00106485205685        0.00053998732061
    156       12.00186325310331       13.86401851620249       11.84466274691626        0.00055175154957       -0.00022242067250       -0.00164629645128
    156       11.33664788717116       11.01217544660105       12.90193175447488       -0.00111457974969        0.00033518537624        0.00101492760954
    161       12.47849133456858       12.55254212116211       13.20865274823270        0.00000109625085        0.00007370037320       -0.00000126472353
    161       14.27140510110162       11.93698143929026       12.70702315496947        0.00059369699458       -0.00105804626553        0.00056191812163
    161       12.01008005858477       13.86056574195639       11.82017550498806        0.00054536385807       -0.00024209676476       -0.00161460389005
    161       11.31980766318011       11.01723093460663       12.91716450402786       -0.00112854267491        0.00034040271090        0.00101604717828
    166       12.47853211657635       12.55365317322605       13.20858817033048        0.00000445886145        0.00007453200010       -0.00000768739242
    166       14.28000946545624       11.92121179503101       12.71564799928711        0.00054821166053       -0.00104314097877        0.00058889769000
    166       12.01826297455943       13.85664801138172       11.79633089010479        0.00054704882653       -0.00028414427437       -0.00156080291694
    166       11.30285295949531       11.02242882873088       12.93241192187682       -0.00112975510944        0.00035421859862        0.00101691770890
    171       12.47862795990472       12.55477943197673       13.20841403571907        0.00000841689249        0.00007566567532       -0.00001579144080
    171       14.28771462222611       11.90572403799027       12.72471026451337        0.00047423626888       -0.00102055891221        0.00062007541104
    171       12.02652511160611       13.85194332487036       11.77345046198520        0.00055573361182       -0.00034660606735       -0.00148639719678
    171       11.28597733550185       11.02789949359434       12.94767182730457       -0.00111799955775        0.00037676746818        0.00101773552159
    176       12.47878691200783       12.55592410725665       13.20810796758984        0.00001285007926        0.00007699829413       -0.00002525258457
    176       14.29411328019137       11.89062826640217       12.73426602505301        0.00037463434300       -0.00099107022225        0.00065453508919
    176       12.03496321524166       13.84616480483901       11.75182733834114        0.00057030322753       -0.00042674482655       -0.00139362120705
    176       11.26937368073137       11.03377268660910       12.96294426987992       -0.00109361546654        0.00040780525301        0.00101860000050
    181       12.47901506925784       12.55709002883630       13.20765074986775        0.00001761836312        0.00007845914336       -0.00003588453812
    181       14.29885003513164       11.87601875144573       12.74435762039520        0.00025347571311       -0.00095601121403        0.00069135025252
    181       12.04365665638464       13.83907347519461       11.73171578790473        0.00058953873869       -0.00052092672059       -0.00128545537951
    181       11.25322498102060       11.04017113398248       12.97823011614856       -0.00105756566329        0.00044663553025        0.00101953129193
    186       12.47931632013822       12.55827759594191       13.20702798670326        0.00002256276262        0.00007986970923       -0.00004724625432
    186       14.30163766471977       11.86196666838792       12.75501329967731        0.00011569509368       -0.00091705612659        0.00072957534483
    186       12.05266543847810       13.83048934821125       11.71332045339722        0.00061212046957       -0.00062502694270       -0.00116545126322
    186       11.23769572039462       11.04720379967022       12.99353061497222       -0.00101131804478        0.00049213361882        0.00102054721786
    191       12.47969186704424       12.55948570143901       13.20623134255516        0.00002749208672        0.00008118863209       -0.00005902479120
    191       14.30226715060157       11.84851724009049       12.76624710626764       -0.00003327568022       -0.00087597693581        0.00076826315515
    191       12.06203019124064       13.82029618244705       11.69679103048816        0.00063676803565       -0.00073463461490       -0.00103740674920
    191       11.22292600476972       11.05496042554735       13.00884664512870       -0.00095662189732        0.00054288799569        0.00102158104709
    196       12.48014026791993       12.56071241414876       13.20525677927049        0.00003225079745        0.00008233427098       -0.00007090172514
    196       14.30061265815210       11.83568925234307       12.77805879321213       -0.00018781833154       -0.00083449792607        0.00080645401153
    196       12.07177215636716       13.80844583301182       11.68221653572463        0.00066219861479       -0.00084520379467       -0.00090554274665
    196       11.20902866249937       11.06350788619372       13.02417753696689       -0.00089533947707        0.00059727682162        0.00102250746233
    201       12.48065782559956       12.56195455941020       13.20410523339983        0.00003668351347        0.00008323650514       -0.00008258615883
    201       14.29663274962531       11.82347644683755       12.79043395522725       -0.00034233372701       -0.00079423702700        0.00084323572140
    201       12.08189458604144       13.79495513489376       11.66962320965117        0.00068729106695       -0.00095263143538       -0.00077400726396
    201       11.19608865373253       11.07288815582594       13.03952079637859       -0.00082929965903        0.00065363006963        0.00102321536819
    206       12.48123842369659       12.56320812585294       13.20278124785274        0.00004062637738        0.00008385233808       -0.00009383377396
    206       14.29036922048428       11.81184867311624       12.80334512789678       -0.00049131444016       -0.00075678355387        0.00087778321166
    206       12.09238352495267       13.77990084414155       11.65897373183937        0.00071084869991       -0.00105300035425       -0.00064717224078
    206       11.18416384050571       11.08311812144287       13.05487282840136       -0.00076031120293        0.00071025522274        0.00102368490887
    211       12.48187347308846       12.56446874679150       13.20129418438465        0.00004391558690        0.00008418162878       -0.00010426030952
    211       14.28194588420493       11.80075164909346       12.81675324436506       -0.00062935514049       -0.00072377226993        0.00090937918005
    211       12.10320692026237       13.76341635847037       11.65016429059516        0.00073167728097       -0.00114271012091       -0.00052946098358
    211       11.17328444015360       11.09418848675067       13.07023065425479       -0.00069025850760        0.00076535140357        0.00102401379139
    216       12.48255209670949       12.56573234920493       13.19965893487997        0.00004641508328        0.00008425493069       -0.00011354356877
    216       14.27156564615386       11.79010602479314       12.83060953998258       -0.00075136088018       -0.00069690406372        0.00093744978021
    216       12.11431530538532       13.74568631212817       11.64302502545405        0.00074865047563       -0.00121852559801       -0.00042525844602
    216       11.16345192362317       11.10606243414338       13.08559336897432       -0.00062107317723        0.00081707151276        0.00102437113175
    221       12.48326160464137       12.56699529142109       13.19789465396294        0.00004801585060        0.00008409959736       -0.00012141400198
    221       14.25950404610298       11.77980669977110       12.84485789985001       -0.00085276465965       -0.00067790947488        0.00096159758028
    221       12.12564312653979       13.72694083527650       11.63732142536189        0.00076077263375       -0.00127763961108       -0.00033876768893
    221       11.15463883402973       11.11867593663540       13.10096296962911       -0.00055468153274        0.00086365106723        0.00102497346547
    226       12.48398788240291       12.56825447936913       13.19602462774525        0.00004864080924        0.00008376614777       -0.00012759697706
    226       14.24610083698871       11.76972278630197       12.85943751695279       -0.00092958432142       -0.00066848533617        0.00098159518039
    226       12.13711134020838       13.70744856624680       11.63275836677628        0.00076724894038       -0.00131772529995       -0.00027384982746
    226       11.14678854255191       11.13193935882062       13.11634489230710       -0.00049306864196        0.00090344267427        0.00102605928983
    231       12.48471594740770       12.56950774598593       13.19407591604008        0.00004825018441        0.00008332258557       -0.00013187118217
    231       14.23175010010969       11.75969875284770       12.87428559100818       -0.00097861649562       -0.00067017796288        0.00099740645631
    231       12.14863085489999       13.68750900117296       11.62898619070752        0.00076754390577       -0.00133702366383       -0.00023385085857
    231       11.13981420596339       11.14573958828554       13.13174821194584       -0.00043824465871        0.00093499102428        0.00102786920065
    236       12.48543049615738       12.57075399776521       13.19207844656265        0.00004684295599        0.00008284612452       -0.00013407459066
    236       14.21688625402482       11.74955811849871       12.88934047909786       -0.00099771976674       -0.00068420410537        0.00100921871815
    236       12.16010695409558       13.66744264207257       11.62561094363668        0.00076145716630       -0.00133452157070       -0.00022128495778
    236       11.13359918928986       11.15994389543174       13.14718559069207       -0.00039216011596        0.00095713862969        0.00103063884850
    241       12.48611661025403       12.57199337214840       13.19006402575774        0.00004447309442        0.00008242005618       -0.00013412671372
    241       14.20196647257557       11.73910993864524       12.90454476523933       -0.00098604925152       -0.00071126140101        0.00101740518800
    241       12.17144474951323       13.64757880097743       11.62220882286945        0.00074917247975       -0.00131009437781       -0.00023758288837
    241       11.12799875891159       11.17440463914076       13.16267292598466       -0.00035662346163        0.00096906786839        0.00103455994818
    246       12.48676055513060       12.57322717540201       13.18806484396599        0.00004124518685        0.00008211304004       -0.00013205868774
    246       14.18744958156086       11.72815763180929       12.91984757128339       -0.00094428340931       -0.00075134897993        0.00102245861602
    246       12.18255502611504       13.62824065333753       11.61834436209550        0.00073125573442       -0.00126471038945       -0.00028280677080
    246       11.12284271814042       11.18896486148581       13.17822848178787       -0.00033308914164        0.00097037797245        0.00103975158146
    251       12.48735057600275       12.57445764445382       13.18611175749527        0.00003731189800        0.00008198901176       -0.00012801707738
    251       14.17377094686271       11.71651060248883       12.93520617492748       -0.00087486527093       -0.00080365308666        0.00102495288693
    251       12.19335982188143       13.60972758278946       11.61359309279740        0.00070863725914       -0.00120059804185       -0.00035536619263
    251       11.11794340203619       11.20346557712843       13.19387185055249       -0.00032262103697        0.00096121646495        0.00104626232945
    256       12.48787760095659       12.57568794873133       13.18423256037446        0.00003290155602        0.00008209582650       -0.00012226537525
    256       14.16131734590358       11.70399804700171       12.95058695302680       -0.00078185644848       -0.00086634067929        0.00102551586960
    256       12.20379726553712       13.59229651530148       11.60756761645875        0.00068251858745       -0.00112114926477       -0.00045193643193
    256       11.11309871535568       11.21775412962896       13.20962243505267       -0.00032565784458        0.00094222123270        0.00105404046978
    261       12.48833644983964       12.57692193815030       13.18245033164489        0.00002823480439        0.00008249935821       -0.00011515453202
    261       14.15039999967477       11.69048232962751       12.96596531267396       -0.00067116647428       -0.00093695130168        0.00102474432174
    261       12.21382541001109       13.57614531511369       11.59994483659010        0.00065431660820       -0.00103086358200       -0.00056731688821
    261       11.10811579905455       11.23169103728992       13.22549845227643       -0.00034081204338        0.00091468745637        0.00106295102671
    266       12.48872428130512       12.57816456463324       13.18078231444049        0.00002352897916        0.00008323185245       -0.00010712981232
    266       14.14123712867346       11.67586801383663       12.98132473326327       -0.00054912267748       -0.00101193341039        0.00102307029702
    266       12.22342381204891       13.56139723730094       11.59048679092969        0.00062550819960       -0.00093504176694       -0.00069535386858
    266       11.10281902682435       11.24516153736491       13.24151588204652       -0.00036750110547        0.00088020567752        0.00107283725450
    271       12.48904525215220       12.57942014925564       13.17923879975988        0.00001938528574        0.00008424625520       -0.00009861538262
    271       14.13394678158646       11.66012498975780       12.99665632150368       -0.00042283277676       -0.00108694273225        0.00102107206166
    271       12.23259488340526       13.54809393350695       11.57905964482248        0.00059756038884       -0.00083917752218       -0.00082856841875
    271       11.09703748725350       11.25807193375124       13.25768505701789       -0.00040518914104        0.00084054015777        0.00108308865952
    276       12.48930824992848       12.58069387096460       13.17782334594105        0.00001575833411        0.00008563215898       -0.00009022353840
    276       14.12853512351099       11.64327083369889       13.01195465699692       -0.00030008164868       -0.00115949825643        0.00101873567719
    276       12.24136039356791       13.53620041531504       11.56564007231984        0.00057163557371       -0.00074787347177       -0.00095956259051
    276       11.09062369211977       11.27036671169607       13.27400944440718       -0.00045104663289        0.00079846256441        0.00109345982605
    281       12.48952040439044       12.58198994686312       13.17652822711487        0.00001264393375        0.00008721733110       -0.00008256748431
    281       14.12489193623652       11.62537413800580       13.02722104569017       -0.00018815806846       -0.00122494243166        0.00101675869814
    281       12.24975713094709       13.52560847512019       11.55032248591968        0.00054844836151       -0.00066681539920       -0.00108028634409
    281       11.08349028120201       11.28201952064144       13.29048305369122       -0.00050025167750        0.00075518967245        0.00110260626067
    286       12.48969209752184       12.58331159974398       13.17534502052207        0.00001049244702        0.00008902372962       -0.00007524012347
    286       14.12281122003082       11.60657932075294       13.04245157051234       -0.00009272818705       -0.00127869509200        0.00101370793641
    286       12.25783074411644       13.51612052005812       11.53331152269424        0.00052885291800       -0.00060133314498       -0.00118442930673
    286       11.07561794999431       11.29303116165763       13.30707499062493       -0.00054919619432        0.00071376945142        0.00110926331263
    291       12.48984295844229       12.58465992847079       13.17426676563572        0.00000991219109        0.00009069361209       -0.00006884631993
    291       14.12200637645579       11.58708055354957       13.05762810111929       -0.00001884176565       -0.00131839791653        0.00100976209819
    291       12.26564861176808       13.50748212620974       11.51488969322744        0.00051453232421       -0.00055380117308       -0.00126768521373
    291       11.06702165637932       11.30346149871886       13.32375354376570       -0.00059660489954        0.00067830634927        0.00111424013450
    296       12.48999594240571       12.58603088930094       13.17326804001921        0.00001068061661        0.00009205593622       -0.00006477901487
    296       14.12212464845598       11.56710653755959       13.07274131215996        0.00002985777663       -0.00134162432985        0.00100509797492
    296       12.27329032403658       13.49941468184659       11.49540364715579        0.00050509222460       -0.00052540395956       -0.00132536190509
    296       11.05773474986284       11.31341955511223       13.34048764175803       -0.00064080961329        0.00065085460972        0.00111613406149
    301       12.49016758854502       12.58742020246556       13.17231316975462        0.00001232969372        0.00009310795057       -0.00006281502281
    301       14.12277489593655       11.54692171122050       13.08777233865607        0.00005216087467       -0.00134617256145        0.00099868719630
    301       12.28081775557777       13.49162337909422       11.47527429998755        0.00049914201741       -0.00051707806989       -0.00135293430591
    301       11.04782849737468       11.32302226818665       13.35721075461111       -0.00067858041160        0.00063083305806        0.00111260331088
    306       12.49036857086496       12.58882155577242       13.17137826471700        0.00001457561629        0.00009364952443       -0.00006199774247
    306       14.12356666445558       11.52681520382211       13.10269344884248        0.00004878011234       -0.00133127321395        0.00099050209851
    306       12.28828196037992       13.48380648540022       11.45496244516927        0.00049685643846       -0.00052872734912       -0.00135003806762
    306       11.03742044966224       11.33238586409056       13.37384253502018       -0.00070742227860        0.00061950876658        0.00110424527892
    311       12.49060908240319       12.59022804315067       13.17044912218128        0.00001771792091        0.00009383358431       -0.00006205168030
    311       14.12411131616186       11.50707067648477       13.11747852006382        0.00001894603326       -0.00129819031825        0.00098041469215
    311       12.29574640066035       13.47566668722222       11.43490718323595        0.00049926250461       -0.00056014069940       -0.00131915086976
    311       11.02665376767230       11.34166467026101       13.39032031258388       -0.00072631942910        0.00061998308438        0.00109208125755
    316       12.49090717112012       12.59163426253406       13.16951169866616        0.00002228256052        0.00009350758870       -0.00006315866977
    316       14.12400441836405       11.48795144018147       13.13209151282595       -0.00003794309790       -0.00124801133160        0.00096735312772
    316       12.30327869593123       13.46690971591398       11.41551469656519        0.00050551828644       -0.00061072769234       -0.00126183448997
    316       11.01567966393166       11.35104668698165       13.40658237001218       -0.00073499489183        0.00063310285196        0.00107519042824
    321       12.49128233320097       12.59302739309639       13.16854776350387        0.00002781753444        0.00009198756340       -0.00006562179360
    321       14.12285715948659       11.46970923119801       13.14648114902757       -0.00011881721997       -0.00118145610594        0.00095058289830
    321       12.31091792044462       13.45726619380623       11.39717371027689        0.00051306940838       -0.00067765736885       -0.00117926593571
    321       11.00465880449847       11.36070839155633       13.42254618971416       -0.00073222797057        0.00065676717845        0.00105214627747
    326       12.49174148851024       12.59438743608321       13.16753681691065        0.00003334440044        0.00008914665355       -0.00006936758404
    326       14.12035660465965       11.45257725848238       13.16059130059815       -0.00021704716155       -0.00110046699662        0.00093013788158
    326       12.31866912069480       13.44652071890716       11.38024529073058        0.00052035154287       -0.00075697419060       -0.00107414260949
    326       10.99377361289434       11.37078891653399       13.43811635195788       -0.00071694081805        0.00068869415186        0.00102281364125
    331       12.49228114025979       12.59569759239393       13.16646264513181        0.00003857973430        0.00008542937302       -0.00007396582569
    331       14.11629494697759       11.43674988304430       13.17436956557712       -0.00032598517572       -0.00100808123454        0.00090642306330
    331       12.32652780926901       13.43451333264101       11.36503666757139        0.00052750246956       -0.00084541200211       -0.00095089564278
    331       10.98320183583378       11.38140674575346       13.45320534371854       -0.00069104006688        0.00072846859602        0.00098821880308
    336       12.49289906885979       12.59694834168481       13.16531607896408        0.00004384312458        0.00008128964860       -0.00007892987102
    336       14.11054493579193       11.42237516140785       13.18777097880190       -0.00044167663797       -0.00090728097027        0.00087999262229
    336       12.33449555394915       13.42112700845919       11.35177785375142        0.00053489823644       -0.00094036875642       -0.00081528420789
    336       10.97307663621553       11.39268215849742       13.46774325873337       -0.00065792701335        0.00077635372602        0.00094951230967
    341       12.49359723721922       12.59813524091819       13.16409532998692        0.00004925216329        0.00007691928240       -0.00008378152504
    341       14.10302395010156       11.40955825188477       13.20075864975611       -0.00056163269410       -0.00080093145480        0.00085132631161
    341       12.34257402754116       13.40628411035850       11.34060785210283        0.00054211706844       -0.00103909678623       -0.00067345535804
    341       10.96348958503537       11.40473289428184       13.48167458941857       -0.00061942284969        0.00083159119752        0.00090743857911
    346       12.49437559440653       12.59925436555661       13.16280459257504        0.00005444079123        0.00007222804601       -0.00008823387144
    346       14.09369154689344       11.39835660000931       13.21330154441393       -0.00068244768061       -0.00069266515585        0.00082074992120
    346       12.35075323031537       13.38995048745103       11.33157795029203        0.00054812438702       -0.00113858101111       -0.00053078866736
    346       10.95451860256635       11.41765583535475       13.49495248697337       -0.00057580168585        0.00089222962762        0.00086246033290
    351       12.49522706580052       12.60030011934586       13.16145067320240        0.00005893538175        0.00006713464097       -0.00009219318362
    351       14.08256886830786       11.38876659638879       13.22537420674128       -0.00079942836500       -0.00058681295806        0.00078873731418
    351       12.35900689383980       13.37213753028129       11.32466804980677        0.00055188398252       -0.00123581613644       -0.00039146147257
    351       10.94623796603276       11.43151432306929       13.50753674778996       -0.00052754378885        0.00095590596892        0.00081505548383
    356       12.49613942437486       12.60126678663160       13.16004159752924        0.00006255929278        0.00006170431746       -0.00009556514641
    356       14.06975185097237       11.38072192082504       13.23696089325271       -0.00090744124581       -0.00048720401602        0.00075615170735
    356       12.36729589492910       13.35289999289879       11.31980011679997        0.00055276995048       -0.00132806322607       -0.00025925401234
    356       10.93870796694081       11.44633852133526       13.51939543512879       -0.00047602933304        0.00102076315102        0.00076585672737
    361       12.49710002588477       12.60215037077876       13.15858741686260        0.00006538875485        0.00005610102648       -0.00009816573046
    361       14.05541150860386       11.37410806670662       13.24806106631440       -0.00100174075164       -0.00039643598392        0.00072407964918
    361       12.37557524726512       13.33233129357516       11.31683487357304        0.00055060604367       -0.00141288809370       -0.00013866944978
    361       10.93196397974216       11.46213807480927       13.53050768558159       -0.00042310582086        0.00108585013868        0.00071565457391
    366       12.49809778598311       12.60295042530093       13.15710152069236        0.00006752191415        0.00005062060736       -0.00009974127126
    366       14.03978517072110       11.36877684323707       13.25869206207419       -0.00107826970206       -0.00031646454288        0.00069376530268
    366       12.38380007093671       13.31055980365788       11.31555873019210        0.00054551620598       -0.00148804495530       -0.00003498342869
    366       10.92601097655113       11.47891390317314       13.54086435357511       -0.00037098890788        0.00115087698058        0.00066531425695
    371       12.49912217858761       12.60367096621230       13.15560143546519        0.00006892581890        0.00004555354494       -0.00010002680940
    371       14.02316419150245       11.36455315600337       13.26888546996774       -0.00113381392934       -0.00024927380587        0.00066592364750
    371       12.39192740074589       13.28774652697172       11.31567953647316        0.00053764830294       -0.00155141105446        0.00004666570122
    371       10.92081714444944       11.49666081341839       13.55047142735675       -0.00032246134706        0.00121508490413        0.00061585947619
    376       12.50016158950701       12.60432030004424       13.15410749781753        0.00006949736085        0.00004115353126       -0.00009888663011
    376       14.00588429258090       11.36122324639145       13.27868799887545       -0.00116574789646       -0.00019772188926        0.00064174351589
    376       12.39991623781418       13.26408309871988       11.31683328998685        0.00052699306233       -0.00160116587799        0.00010226953035
    376       10.91630479191429       11.51535212840436       13.55934854880343       -0.00028068895635        0.00127635620953        0.00056819296212
    381       12.50120234421616       12.60490889019693       13.15264260688015        0.00006908367568        0.00003745919632       -0.00009615367474
    381       13.98831249438314       11.35853694100990       13.28815367241017       -0.00117259761403       -0.00016380198241        0.00062099933253
    381       12.40772268817074       13.23978050574695       11.31861080509042        0.00051335262062       -0.00163654762628        0.00012938722806
    381       10.91234904785360       11.53492857693413       13.56753201748661       -0.00024871996783        0.00133282691473        0.00052358211133
    386       12.50222920127788       12.60544861095331       13.15122981449665        0.00006766149512        0.00003469848689       -0.00009195076879
    386       13.97082689926293       11.35621428025625       13.29734139349790       -0.00115429616562       -0.00014966442161        0.00060513672628
    386       12.41530332064574       13.21505787955032       11.32056969955626        0.00049685288764       -0.00165714494160        0.00012633860110
    386       10.90878841063166       11.55530403204366       13.57507677052323       -0.00022809805544        0.00138241405805        0.00048329874337
    391       12.50322825123681       12.60595435713422       13.14989218546482        0.00006541149331        0.00003286412365       -0.00008607576765
    391       13.95380662656295       11.35394265700864       13.30633864851103       -0.00111045709728       -0.00015712830980        0.00059556058066
    391       12.42261259553537       13.19013492927396       11.32225756703436        0.00047715062675       -0.00166344098099        0.00009343871388
    391       10.90545060782234       11.57635731605437       13.58205480560994       -0.00021912228949        0.00142307448528        0.00044791098551
    396       12.50418812343097       12.60643854405744       13.14865523059827        0.00006244966889        0.00003192271321       -0.00007862973393
    396       13.93762879159206       11.35140028595494       13.31523425422592       -0.00104261459424       -0.00018545983477        0.00059152620906
    396       12.42960666575287       13.16521606724993       11.32323396939147        0.00045515497199       -0.00165702421114        0.00003161155010
    396       10.90215236998992       11.59795756535901       13.58853621490648       -0.00022306837414        0.00145560742341        0.00041720598396
    401       12.50509889053684       12.60691977541032       13.14753747053297        0.00005890740444        0.00003251416279       -0.00007029536206
    401       13.92262722525344       11.34828409309164       13.32411425497902       -0.00095406390098       -0.00023355404121        0.00059368819651
    401       12.43626308489448       13.14047011576156       11.32307534482877        0.00043220405685       -0.00164098832355       -0.00005726073151
    401       10.89869515546038       11.61998719828552       13.59459728502348       -0.00024017573835        0.00148008308233        0.00039194659380
    406       12.50595446742637       12.60741884261283       13.14654855944128        0.00005517376574        0.00003414487176       -0.00006148945605
    406       13.90909549786946       11.34430372345298       13.33307862878852       -0.00084715634895       -0.00030024945069        0.00060281975876
    406       12.44256749439915       13.11602349484444       11.32140889768916        0.00040815254831       -0.00161709948122       -0.00016850073311
    406       10.89488906067248       11.64231521495193       13.60032328291815       -0.00026940017166        0.00149534135192        0.00037267084922
    411       12.50675416383607       12.60794780009749       13.14569512475833        0.00005143620096        0.00003657985274       -0.00005219119318
    411       13.89728002554270       11.33920661353744       13.34222857186894       -0.00072625552993       -0.00038143840585        0.00061807344779
    411       12.44850079543288       13.09199652862590       11.31793673506927        0.00038272301906       -0.00158518366112       -0.00029712872190
    411       10.89055713147438       11.66480853370177       13.60580744389075       -0.00031034868441        0.00150251166525        0.00035957346314
    416       12.50749753112563       12.60852234213315       13.14498482583715        0.00004774151797        0.00004023735235       -0.00004254915113
    416       13.88734544876075       11.33282050869209       13.35164114144923       -0.00059753413179       -0.00047102497857        0.00063767894831
    416       12.45404707967456       13.06849174105059       11.31243866535848        0.00035690833195       -0.00154842651182       -0.00043738002781
    416       10.88552035653854       11.68735944387652       13.61113508021266       -0.00036331785789        0.00150311113590        0.00035163187850
    421       12.50819045665720       12.60915895585578       13.14441360829171        0.00004486356122        0.00004473392434       -0.00003391400510
    421       13.87935924159835       11.32506130482705       13.36137933128622       -0.00046773054393       -0.00056365637450        0.00066143229976
    421       12.45921486570909       13.04553979546256       11.30479986229909        0.00033238522161       -0.00151235620231       -0.00058078336397
    421       10.87960914579348       11.70987136724254       13.61637712121303       -0.00042628885190        0.00149742992282        0.00034798840941
    426       12.50884916708119       12.60986557219634       13.14395964358384        0.00004314722991        0.00004949335306       -0.00002682557249
    426       13.87328474811421       11.31592078874663       13.37149534815413       -0.00034393320440       -0.00065417633640        0.00068746327792
    426       12.46402150215904       13.02310440675039       11.29504793683636        0.00030841404057       -0.00147956155744       -0.00071747550465
    426       10.87270329435200       11.73225764099940       13.62159099987337       -0.00049522429460        0.00148655405751        0.00034778372782
    431       12.50948888770634       12.61064325706575       13.14360553191075        0.00004228831344        0.00005414955184       -0.00002047661665
    431       13.86897922425543       11.30547171602862       13.38199927689959       -0.00023298971514       -0.00073737617446        0.00071280615590
    431       12.46846091449891       13.00114432461272       11.28334447017343        0.00028320043570       -0.00144862299531       -0.00083990860503
    431       10.86474045293718       11.75444523942239       13.62682671805302       -0.00056664714807        0.00147094780493        0.00035090110944
    436       12.51012208036907       12.61148806317662       13.14334179657336        0.00004233327760        0.00005839312075       -0.00001490770061
    436       13.86620642759382       11.29385029020461       13.39287339905561       -0.00014045711887       -0.00080997262391        0.00073689828372
    436       12.47251120374609       12.97963882441273       11.26994525636656        0.00025677600573       -0.00141933252402       -0.00094261034623
    436       10.85570833570420       11.77636712518972       13.63213104335572       -0.00063711955854        0.00145149645121        0.00035666233538
    441       12.51076514780880       12.61239184305236       13.14314968147270        0.00004367108807        0.00006196440605       -0.00001112404412
    441       13.86465614331845       11.28123973396268       13.40410228826913       -0.00007068704799       -0.00086851073660        0.00076010391836
    441       12.47616985734011       12.95853681424020       11.25518824524607        0.00023152911323       -0.00139576035830       -0.00101987454295
    441       10.84564964289524       11.79798599731561       13.63752910376056       -0.00070286713300        0.00143120187648        0.00036292737101
    446       12.51143906662769       12.61334245311469       13.14299551230889        0.00004640721863        0.00006460238851       -0.00000991847414
    446       13.86396144507622       11.26788319980532       13.41566774008639       -0.00002672828596       -0.00090877020535        0.00078147205707
    446       12.47947488358175       12.93771960195747       11.23949873507943        0.00020989334064       -0.00138161567710       -0.00106601885630
    446       10.83466192978638       11.81931485836442       13.64300763176760       -0.00076036647284        0.00141322045742        0.00036686949464
    451       12.51216175563210       12.61432494934895       13.14284017357414        0.00005006143160        0.00006619389192       -0.00001117198992
    451       13.86372535776827       11.25407663061436       13.42753051442136       -0.00000958012564       -0.00092825113786        0.00079950893434
    451       12.48248425350637       12.91704963388215       11.22337621732183        0.00019180724045       -0.00137544741431       -0.00107716549254
    451       10.82289462385086       11.84039804051493       13.64851313719163       -0.00080619027710        0.00139838788605        0.00036629143378
    456       12.51294296412462       12.61532213396151       13.14265231531459        0.00005416621236        0.00006651080160       -0.00001412677960
    456       13.86354609356440       11.24013879479290       13.43963017431605       -0.00001907665135       -0.00092629416494        0.00081283174709
    456       12.48523434566608       12.89643639618120       11.20735663798767        0.00017484009656       -0.00137349928273       -0.00105244213180
    456       10.81054891046661       11.86127676183327       13.65397283455501       -0.00083693443156        0.00138567559253        0.00036092521238
    461       12.51378885101635       12.61631309819046       13.14240994239751        0.00005871027994        0.00006534453975       -0.00001842728664
    461       13.86303026282696       11.22638801971679       13.45189001674146       -0.00005407049498       -0.00090351817670        0.00082090938263
    461       12.48772424529186       12.87583158516442       11.19196422621486        0.00015686442193       -0.00137443266689       -0.00099415328794
    461       10.79786911073080       11.88197223061076       13.65932748652693       -0.00085054567215        0.00137388037555        0.00035271432379
    466       12.51470678858318       12.61727582700421       13.14209324740826        0.00006377221128        0.00006281098369       -0.00002404157384
    466       13.86181498538119       11.21312516719330       13.46423466441095       -0.00011174533340       -0.00086154628176        0.00082417352592
    466       12.48993354941228       12.85518220904237       11.17767543533732        0.00013754744528       -0.00137968222409       -0.00090600981272
    466       10.78511817711752       11.90249990151250       13.66454707900433       -0.00084632054513        0.00136347668838        0.00034294067101
    471       12.51570381221240       12.61819304330411       13.14168198505571        0.00006919297029        0.00005935270881       -0.00003102555925
    471       13.85958586117438       11.20062783261039       13.47659123700219       -0.00018862476058       -0.00080165586473        0.00082252551688
    471       12.49184986737483       12.83441990251527       11.16490779386811        0.00011806293185       -0.00138926832977       -0.00079206317526
    471       10.77256573660321       11.92288824579012       13.66960545811578       -0.00082419982584        0.00135555774763        0.00033095902922
    476       12.51678250670254       12.61905306348684       13.14115766593906        0.00007461393032        0.00005518192671       -0.00003902197095
    476       13.85607857553528       11.18915339384117       13.48889137462864       -0.00028168913306       -0.00072556498233        0.00081687693442
    476       12.49348061704601       12.81349389278735       11.15401751088827        0.00009961763139       -0.00140099131820       -0.00065643449953
    476       10.76047298985235       11.94318515933402       13.67445657045926       -0.00078519125070        0.00135140709528        0.00031504475640
    481       12.51794117146910       12.61984475875349       13.14050795132878        0.00007979732966        0.00005025313776       -0.00004772560848
    481       13.85107113683015       11.17892438312985       13.50108307515046       -0.00038809608990       -0.00063633735326        0.00080825281514
    481       12.49484518425881       12.79239069992945       11.14530050531810        0.00008257105414       -0.00141268669493       -0.00050299738283
    481       10.74908850034117       11.96344789432973       13.67903438781850       -0.00072988238380        0.00135088860064        0.00029444879714
    486       12.51917334466767       12.62055835723625       13.13972357917841        0.00008436347433        0.00004482726597       -0.00005689322049
    486       13.84438485583755       11.17010384982305       13.51313147966978       -0.00050511761781       -0.00053863758396        0.00079805591880
    486       12.49596403326542       12.77111561656307       11.13898806881097        0.00006683303586       -0.00142390871326       -0.00033707824633
    486       10.73864809022071       11.98372647843589       13.68326728544300       -0.00065969035133        0.00135342074335        0.00026922302535
    491       12.52046911488338       12.62118676947951       13.13880135523232        0.00008830946765        0.00003879686116       -0.00006605115258
    491       13.83587856911983       11.16278392601086       13.52502326605451       -0.00063019624270       -0.00043700944731        0.00078749441205
    491       12.49685587835200       12.74967624892820       11.13521158012622        0.00005227823507       -0.00143449754676       -0.00016620420426
    491       10.72935889451542       12.00406235230526       13.68709755726236       -0.00057675940055        0.00135841755367        0.00024115434286
    496       12.52181967956525       12.62171777829173       13.13774188907827        0.00009163001249        0.00003189975624       -0.00007522997710
    496       13.82546084391930       11.15699441703444       13.53675429010569       -0.00075895031363       -0.00033519468839        0.00077648159608
    496       12.49753630896089       12.72808870503096       11.13399521852024        0.00003851231787       -0.00144340104504        0.00000331163897
    496       10.72139654694890       12.02448735332865       13.69049647711343       -0.00048314215812        0.00136512001325        0.00021191476932
    501       12.52321414791021       12.62214353830151       13.13654517834852        0.00009416105637        0.00002491857118       -0.00008422714570
    501       13.81312217466507       11.15271260876985       13.54831344840424       -0.00088526235858       -0.00023661060797        0.00076474235974
    501       12.49801088661285       12.70639048894099       11.13527869051365        0.00002469738416       -0.00144887425866        0.00016607255279
    501       10.71490609937978       12.04501691195408       13.69345334128792       -0.00038097467523        0.00137200282300        0.00018233921817
    506       12.52464085892577       12.62246665042322       13.13521924636816        0.00009591032186        0.00001820797063       -0.00009240124416
    506       13.79893940894630       11.14986328550267       13.55970608375295       -0.00100398038323       -0.00014489329359        0.00075496830439
    506       12.49827503610499       12.68465027531285       11.13891710326638        0.00001045883797       -0.00144861790051        0.00031632079199
    506       10.70999075858484       12.06563915536224       13.69596913445086       -0.00027390756234        0.00137720422355        0.00015327281834
    511       12.52608648890854       12.62269171577443       13.13377707226858        0.00009664773354        0.00001191322339       -0.00009972629115
    511       13.78306105174807       11.14831426465408       13.57098429567509       -0.00111062469014       -0.00006381163288        0.00074959042179
    511       12.49832566414424       12.66296423153832       11.14468394118014       -0.00000349752378       -0.00144174848308        0.00044897287929
    511       10.70669420321254       12.08632115156090       13.69805753299497       -0.00016569273258        0.00137999551834        0.00012546266136
    516       12.52753627764043       12.62282754538017       13.13223343905162        0.00009656275455        0.00000632219138       -0.00010580595409
    516       13.76569368961395       11.14788760259740       13.58221398688349       -0.00120209804626        0.00000447984515        0.00074853603460
    516       12.49818077149157       12.64142201972563       11.15227672345352       -0.00001530892017       -0.00142985859516        0.00055882217973
    516       10.70501182218495       12.10703086304527       13.69974377864991       -0.00005919533577        0.00138113074378        0.00009993936566
    521       12.52898146974891       12.62288453017719       13.13061063146611        0.00009604223590        0.00000141856564       -0.00011032637245
    521       13.74708037724989       11.14837805115152       13.59346904186565       -0.00127643535571        0.00005801960074        0.00075347556851
    521       12.49787873957978       12.62008170847683       11.16131734000817       -0.00002465036620       -0.00141516691499        0.00064140030057
    521       10.70489368034683       12.12775507759281       13.70107464408620        0.00004209492966        0.00138223524151        0.00007829366689
    526       12.53041397657852       12.62287573168115       13.12892813322993        0.00009478150616       -0.00000230575134       -0.00011388654793
    526       13.72749132065674       11.14954271559530       13.60486011843249       -0.00133187994395        0.00009370080265        0.00076710457870
    526       12.49744438954692       12.59897403911331       11.17137396255542       -0.00003329720244       -0.00139896420173        0.00069384615045
    526       10.70622762010043       12.14850405613572       13.70211339743593        0.00013365106537        0.00138454799319        0.00006096605359
    531       12.53182004835730       12.62282402759221       13.12719735529303        0.00009254767373       -0.00000427034435       -0.00011672681433
    531       13.70722369829300       11.15108407750891       13.61653094407080       -0.00136654480028        0.00010760151635        0.00079076937780
    531       12.49687754858069       12.57811893445667       11.18197746440981       -0.00004234690789       -0.00138148200570        0.00071392417575
    531       10.70883963820515       12.16929441460476       13.70292490331607        0.00021197900808        0.00138740054787        0.00004815776084
    536       12.53318805303387       12.62275483512393       13.12543209183298        0.00008980563179       -0.00000472729714       -0.00011836228514
    536       13.68660195815496       11.15265811343774       13.62862650922561       -0.00137902748403        0.00009823174816        0.00082343483978
    536       12.49617448187693       12.55753562726607       11.19262627774635       -0.00005128956915       -0.00136274020455        0.00069962971800
    536       10.71250976008331       12.19011737986673       13.70358836035410        0.00027423133552        0.00138843777251        0.00004165710889
    541       12.53451348567593       12.62268756375310       13.12365476987961        0.00008691619453       -0.00000406393768       -0.00011830454656
    541       13.66595683519675       11.15393063156195       13.64126879265494       -0.00136986766371        0.00006789432417        0.00086341191556
    541       12.49534278695715       12.53724193020867       11.20279923015749       -0.00005944803748       -0.00134293357234        0.00065060010191
    541       10.71697776606932       12.21092961159664       13.70421559390218        0.00031801859805        0.00138587600172        0.00004363140851
    546       12.53579595223338       12.62263784818086       13.12189058787640        0.00008408548949       -0.00000234037222       -0.00011666840971
    546       13.64560260241691       11.15460456985987       13.65456216238023       -0.00134064424892        0.00001869974399        0.00091040419791
    546       12.49439487154102       12.51724961214505       11.21198663681491       -0.00006681537101       -0.00132274447051        0.00056881724907
    546       10.72195415108551       12.23167985980199       13.70494117258174        0.00034179247689        0.00138048009036        0.00005464128603
    551       12.53703537242208       12.62262447120126       13.12015972028944        0.00008112672070        0.00000083474706       -0.00011400034634
    551       13.62581904616514       11.15440807643127       13.66861875953643       -0.00129446584374       -0.00004785065626        0.00096514652952
    551       12.49334095464815       12.49755546331971       11.21972699639351       -0.00007362390186       -0.00130339274575        0.00045861991621
    551       10.72713151427201       12.25234002024542       13.70589002567608        0.00034477651639        0.00137422414851        0.00007297737832
    556       12.53822899141244       12.62266965125281       13.11847236512523        0.00007803100585        0.00000541293618       -0.00011092555766
    556       13.60682962796550       11.15309686347608       13.68354889548721       -0.00123560404565       -0.00012937411335        0.00102667342157
    556       12.49218929953918       12.47813904560606       11.22563707977971       -0.00007973880400       -0.00128588860299        0.00032588030303
    556       10.73219832850602       12.27291019548819       13.70715616623224        0.00032713323551        0.00136869020600        0.00009671774612
    561       12.53937819913402       12.62279186517396       13.11683385969983        0.00007533637682        0.00001101805523       -0.00010745504885
    561       13.58878978943895       11.15047528251807       13.69944582714941       -0.00116858396768       -0.00022154251686        0.00109366620797
    561       12.49095631157330       12.45896399435557       11.22942686240837       -0.00008429891781       -0.00127145885157        0.00017734869741
    561       10.73685169371214       12.29340670339763       13.70881290510451        0.00029000644993        0.00136432753598        0.00012489664979
    566       12.54049386276401       12.62300196812983       13.11525041245585        0.00007360295119        0.00001699755950       -0.00010367279054
    566       13.57179492516741       11.14643147512431       13.71636789932903       -0.00109678802057       -0.00031768686487        0.00116254230864
    566       12.48967093383807       12.43997712599873       11.23092560847330       -0.00008669430597       -0.00126069551205        0.00002205330778
    566       10.74081784069416       12.31384235719966       13.71092056021371        0.00023615813375        0.00136054666925        0.00015674188951
    571       12.54159079093703       12.62330072287839       13.11372143660633        0.00007281786072        0.00002277298802       -0.00010031620430
    571       13.55589544937233       11.14095706595096       13.73431267489302       -0.00102310739641       -0.00041135508163        0.00122950421229
    571       12.48836409381177       12.42113288691571       11.23009225889150       -0.00008732099927       -0.00125208258452       -0.00013248271012
    571       10.74387651077723       12.33423030407644       13.71353015281347        0.00016976803965        0.00135825512335        0.00019168229209
    576       12.54268307111384       12.62368311375817       13.11223887770002        0.00007300522610        0.00002810998185       -0.00009734809931
    576       13.54109281939760       11.13412476152851       13.75323076205915       -0.00095125113969       -0.00049792753010        0.00129182319046
    576       12.48705543904622       12.40241208279631       11.22698676956211       -0.00008705268778       -0.00124404982964       -0.00027950416640
    576       10.74586875437523       12.35460068027915       13.71668081095406        0.00009461107481        0.00135809779657        0.00022861640198
    581       12.54378586324551       12.62413994674171       13.11080247915727        0.00007421263503        0.00003259237401       -0.00009415054930
    581       13.52733205408573       11.12607756367761       13.77303082522197       -0.00088478487918       -0.00057231004771        0.00134647099474
    581       12.48575452761089       12.38381071402532       11.22178202176243       -0.00008639635606       -0.00123620748571       -0.00041099433800
    581       10.74668957256809       12.37497931364483       13.72038763697273        0.00001418887245        0.00135927218878        0.00026530303014
    586       12.54491407855712       12.62465408403117       13.10941179016388        0.00007637638441        0.00003567625483       -0.00009149131413
    586       13.51450680383982       11.11703949425988       13.79356884365867       -0.00082721347119       -0.00062929810162        0.00138946150442
    586       12.48446131870067       12.36532117407448       11.21476665451075       -0.00008618534370       -0.00122933456336       -0.00051957155325
    586       10.74628783375267       12.39538723073368       13.72462386437296       -0.00006750946749        0.00136227727565        0.00029867891976
    591       12.54608034809237       12.62520276464127       13.10805049855362        0.00007918695312        0.00003720782954       -0.00009026966602
    591       13.50245306658266       11.10729789512514       13.81464214336821       -0.00078258746110       -0.00066564005626        0.00141748638973
    591       12.48316412662804       12.34692411664746       11.20634132103650       -0.00008693976187       -0.00122371858891       -0.00059781805170
    591       10.74468536455534       12.41586610648235       13.72932100045363       -0.00014486106125        0.00136904446059        0.00032651411250
    596       12.54728999424265       12.62576256226883       13.10669926832226        0.00008209809121        0.00003711280739       -0.00008996384481
    596       13.49095488593666       11.09717967110850       13.83601938353104       -0.00075335564596       -0.00067922339078        0.00143012998286
    596       12.48185062416786       12.32861150062541       11.19699538947034       -0.00008821494099       -0.00121773413652       -0.00064227925310
    596       10.74198609544146       12.43647869217232       13.73439063561672       -0.00021315047134        0.00137987471529        0.00034839834049
    601       12.54854415126303       12.62630733509981       13.10535129350940        0.00008519151838        0.00003519728673       -0.00008975203048
    601       13.47977823297587       11.08703487879761       13.85747748944668       -0.00073953161257       -0.00066922974623        0.00142844306083
    601       12.48051811530437       12.31040158686991       11.18722654578842       -0.00008939603476       -0.00120980681847       -0.00065472956193
    601       10.73834445585126       12.45726814090644       13.73974440137943       -0.00027031489644        0.00139193180660        0.00036424710852
    606       12.54984783049208       12.62680972332738       13.10400630588939        0.00008869331495        0.00003144171460       -0.00008967201161
    606       13.46869992723197       11.07721039500281       13.87880395224885       -0.00074007855943       -0.00063680206788        0.00141238831346
    606       12.47917195305562       12.29232938147158       11.17749934324947       -0.00008994318081       -0.00119941578533       -0.00063657212210
    606       10.73393402661175       12.47823257922312       13.74527991565173       -0.00031546084435        0.00140331044715        0.00037210673420
    611       12.55120474366778       12.62724107451497       13.10265622511849        0.00009211830051        0.00002572873265       -0.00009056419587
    611       13.45751323749677       11.06803246823747       13.89977493270580       -0.00075364157609       -0.00058321571736        0.00138094176029
    611       12.47782157133281       12.27442776196438       11.16828791217264       -0.00009017254461       -0.00118721918509       -0.00058556446224
    611       10.72894862877038       12.49936997188033       13.75085664147991       -0.00034637799997        0.00141521056972        0.00036947214076
    616       12.55260612550769       12.62757312809384       13.10128452872003        0.00009450537006        0.00001824318246       -0.00009243780223
    616       13.44603791080856       11.05980648023586       13.92015933217248       -0.00077821157256       -0.00051040475017        0.00133435885822
    616       12.47646309673804       12.25671816202526       11.16008661433828       -0.00009107617923       -0.00117389998830       -0.00050260028011
    616       10.72362894343684       12.52069974948005       13.75631132187120       -0.00035938156853        0.00142932726538        0.00035586980051
    621       12.55403483419757       12.62778082446466       13.09988220903582        0.00009584579277        0.00000921606541       -0.00009449956011
    621       13.43412352961607       11.05279858433751       13.93974237221806       -0.00081180544577       -0.00042125517333        0.00127468633524
    621       12.47508878789548       12.23921461325889       11.15333964100068       -0.00009211042328       -0.00115970070077       -0.00039264429376
    621       10.71826373974885       12.54226097041009       13.76148414753155       -0.00035243262427        0.00144557725930        0.00033221013082
    626       12.55547841182048       12.62784579478872       13.09845187965620        0.00009653070716       -0.00000061373987       -0.00009611060980
    626       13.42164973414557       11.04723422410211       13.95835534599559       -0.00085249849069       -0.00031856215178        0.00120569496726
    626       12.47369992875047       12.22193608055086       11.14840561360834       -0.00009316789572       -0.00114368507004       -0.00026227128291
    626       10.71314475315036       12.56406117215523       13.76623818791022       -0.00032702442356        0.00146073999873        0.00030023250027
    631       12.55692814064042       12.62776111542957       13.09700081687497        0.00009665484561       -0.00001076685856       -0.00009731737580
    631       13.40852414853989       11.04328792156025       13.97588355429082       -0.00089821097185       -0.00020616396100        0.00113036814903
    631       12.47229055636686       12.20491581443122       11.14553257953497       -0.00009478784900       -0.00112521733046       -0.00011905993827
    631       10.70852980527614       12.58607271546146       13.77045130271440       -0.00028552460965        0.00147384011648        0.00025995360294
    636       12.55837412133593       12.62751928213837       13.09553374647177        0.00009595837996       -0.00002160229384       -0.00009822495542
    636       13.39469460445616       11.04108244603527       13.99223602012556       -0.00094581370730       -0.00008690123664        0.00104867669052
    636       12.47085677676249       12.18819199771537       11.14486985417176       -0.00009646932804       -0.00110422678752        0.00003175365328
    636       10.70465202242682       12.60827400644470       13.77399577224128       -0.00022883297518        0.00148640834559        0.00021119233391
    641       12.55980202409696       12.62711141035027       13.09405578245930        0.00009428902410       -0.00003277686106       -0.00009879797824
    641       13.38015157719185       11.04069722044490       14.00730834306774       -0.00099302607136        0.00003568972218        0.00095977560655
    641       12.46938703624496       12.17179521146004       11.14650684964453       -0.00010006451813       -0.00108195599889        0.00018705432632
    641       10.70173387241936       12.63066779787994       13.77675086528482       -0.00015779259586        0.00149943629385        0.00015489662211
    646       12.56120054486140       12.62653685556814       13.09257004424300        0.00009211502717       -0.00004379211642       -0.00009928576629
    646       13.36491672173903       11.04214539046137       14.02100829701097       -0.00103751265331        0.00015675071644        0.00086657206326
    646       12.46783952748301       12.15573268040213       11.15048528870773       -0.00010672257235       -0.00105972644099        0.00034299712729
    646       10.69997650647186       12.65325120027853       13.77861398306579       -0.00007469616263        0.00151127362621        0.00009264400363
    651       12.56256254530488       12.62579892097896       13.09107985649750        0.00008931031731       -0.00005451553476       -0.00009919025883
    651       13.34905418814925       11.04537567253200       14.03330840978965       -0.00107622139114        0.00027278448455        0.00077388946531
    651       12.46617696540133       12.14000479204465       11.15676780646595       -0.00011522946757       -0.00103721978828        0.00049294250512
    651       10.69953448188586       12.67599385092357       13.77951005591461        0.00001711602650        0.00152063495151        0.00002614879581
    656       12.56387429445653       12.62490525631149       13.08960214118509        0.00008540106241       -0.00006444391673       -0.00009753504760
    656       13.33266641653027       11.05028735280918       14.04424309685357       -0.00110744053450        0.00038010971147        0.00068494838257
    656       12.46437346850790       12.12462002383476       11.16521344626268       -0.00012559532016       -0.00101389886731        0.00063041870542
    656       10.70051809573049       12.69885907232456       13.77938317309350        0.00011468589963        0.00152770868744       -0.00004345859689
    661       12.56512167857855       12.62387128601170       13.08816037456560        0.00008089097113       -0.00007319947662       -0.00009452805996
    661       13.31586654104571       11.05671605275734       14.05388656363630       -0.00113126564699        0.00047440680937        0.00060226939706
    661       12.46240365399133       12.10959143698585       11.17559761727412       -0.00013704014337       -0.00098995539439        0.00075076725327
    661       10.70298280605697       12.72182028281083       13.77820105732742        0.00021394648897        0.00153381786637       -0.00011423564275
    666       12.56630110088529       12.62271541699689       13.08676898471676        0.00007634152968       -0.00008067404259       -0.00009094363029
    666       13.29876266600881       11.06444268651107       14.06235962175415       -0.00114784682980        0.00055268687179        0.00052966360420
    666       12.46026491660681       12.09491103128068       11.18764209811427       -0.00014808951527       -0.00096822737513        0.00085144266627
    666       10.70692895840460       12.74487926310493       13.77595459022384        0.00031159526139        0.00154105493197       -0.00018533479385
    671       12.56740952989516       12.62145777219049       13.08543333055734        0.00007130867690       -0.00008674425131       -0.00008705518059
    671       13.28147499384175       11.07320639457187       14.06984310711388       -0.00115530144066        0.00061218311985        0.00047095699184
    671       12.45795752343510       12.08051355698264       11.20103477744605       -0.00015980690817       -0.00095282770919        0.00092992688697
    671       10.71230584203836       12.76806253301743       13.77264111390062        0.00040412584039        0.00155044283129       -0.00025636128728
    676       12.56843675226153       12.62012104083564       13.08416088388832        0.00006555847992       -0.00009115572144       -0.00008245971478
    676       13.26415731907960       11.08270811355888       14.07657223016931       -0.00115157891709        0.00065088266133        0.00042958378200
    676       12.45546368417452       12.06628962202189       11.21541285571644       -0.00017295366477       -0.00094494229532        0.00098194500121
    676       10.71901572291324       12.79140221543265       13.76827195697505        0.00048896637606        0.00156188174159       -0.00032562741532
    681       12.56937539505748       12.61873287294295       13.08296270699405        0.00005963660447       -0.00009352021949       -0.00007720136644
    681       13.24698983679987       11.09262744016519       14.08281712047210       -0.00113493317563        0.00066759365372        0.00040618050196
    681       12.45276551113955       12.05213579246296       11.23034453971008       -0.00018668124396       -0.00094324305771        0.00100304758006
    681       10.72692599536199       12.81493043683698       13.76289437245807        0.00056348973983        0.00157570706593       -0.00039030071797
    686       12.57022924965610       12.61732749962748       13.08184733316978        0.00005439190865       -0.00009341643081       -0.00007142554770
    686       13.23017510891032       11.10262356488702       14.08884080381970       -0.00110466099197        0.00066091270022        0.00040021473874
    686       12.44987302231714       12.03796508064732       11.24534073967416       -0.00019858916861       -0.00094732085401        0.00099022186105
    686       10.73584780900999       12.83868721447578       13.75659768416704        0.00062301773649        0.00159236697496       -0.00044781251973
    691       12.57101077918527       12.61594014348430       13.08082147747469        0.00004984132091       -0.00009128911287       -0.00006534374803
    691       13.21391139633602       11.11233823513792       14.09491322792582       -0.00106155377471        0.00063002488722        0.00041286896672
    691       12.44680903781676       12.02368153444842       11.25988879427231       -0.00021038969824       -0.00095857253927        0.00094368254945
    691       10.74553194027580       12.86271297933670       13.74949891783881        0.00066500724204        0.00161138001270       -0.00049725324691
    696       12.57172312206668       12.61459536687990       13.07988659772866        0.00004510036480       -0.00008774721541       -0.00005932384940
    696       13.19838766410057       11.12141388776019       14.10131880183697       -0.00100621837331        0.00057628102672        0.00044462649543
    696       12.44353918525173       12.00916835801449       11.27350489704042       -0.00022658258002       -0.00097803513866        0.00086670161589
    696       10.75571259392626       12.88703198175457       13.74171862421452        0.00068917831027        0.00163109927220       -0.00053861509244
    701       12.57236625791782       12.61331565934720       13.07904147330975        0.00004088435656       -0.00008258464393       -0.00005337961189
    701       13.18377275502021       11.12953690682557       14.10833780423403       -0.00094091057691        0.00050374729623        0.00049411725785
    701       12.43998812927560       11.99430220650274       11.28576426776136       -0.00024754991790       -0.00100531366427        0.00076350860626
    701       10.76611823187018       12.91164314939103       13.73338452303498        0.00069476380919        0.00165037712798       -0.00057076247586
    706       12.57295742483254       12.61212471966726       13.07828441232643        0.00003821164397       -0.00007599125070       -0.00004756907322
    706       13.17019392575970       11.13645138600649       14.11620771790897       -0.00086865372663        0.00041565931853        0.00055725171079
    706       12.43610198123749       11.97898773500361       11.29630186850501       -0.00027074484577       -0.00103703060106        0.00063783153341
    706       10.77646208635057       12.93654947261910       13.72464753314508        0.00068104005953        0.00167096101721       -0.00059225828365
    711       12.57351834524524       12.61104062431932       13.07761592123962        0.00003675320505       -0.00006842328278       -0.00004146015777
    711       13.15772748783447       11.14195147267201       14.12510085524758       -0.00079341474227        0.00031614753603        0.00062988078327
    711       12.43186902677718       11.96318540087340       11.30481724631369       -0.00029330217425       -0.00107012594324        0.00049525240567
    711       10.78646647117226       12.96178976401731       13.71566155218171        0.00065001509968        0.00169518026879       -0.00060451350569
    716       12.57406456056459       12.61007394298105       13.07704192790675        0.00003624770323       -0.00006045875559       -0.00003515283878
    716       13.14638671569104       11.14590799074414       14.13513244117457       -0.00071906515902        0.00021077359585        0.00070843813985
    716       12.42731436813915       11.94687803893660       11.31112267775031       -0.00031360772007       -0.00110442508479        0.00034503288024
    716       10.79589021680068       12.98742704561799       13.70653977290795        0.00060390475872        0.00172399782074       -0.00061095169992
    721       12.57461033081562       12.60922556998847       13.07655526357017        0.00003669524904       -0.00005276262658       -0.00003004888232
    721       13.13614141798214       11.14826948396069       14.14636791985484       -0.00064772021314        0.00010435154554        0.00078991283581
    721       12.42246627321072       11.93004815568863       11.31518010103562       -0.00033277268279       -0.00113960151095        0.00019719210549
    721       10.80451928436837       13.01353306315122       13.69735073434415        0.00054441017044        0.00175760511431       -0.00061354695065
    726       12.57517061484548       12.60848656605080       13.07613281472750        0.00003823223749       -0.00004600641337       -0.00002649278148
    726       13.12692595430319       11.14905901181530       14.15883149676033       -0.00058249431851        0.00000224058278        0.00087167501481
    726       12.41733007127563       11.91269419744856       11.31708835077238       -0.00035207553246       -0.00117384977889        0.00005967072152
    726       10.81216899376136       13.04017034324077       13.68815638996669        0.00047381009236        0.00179431898592       -0.00061137215188
    731       12.57576335585304       12.60783764778596       13.07575626945196        0.00004099848415       -0.00004083410894       -0.00002385375125
    731       13.11861811457488       11.14838700436791       14.17250161890262       -0.00052724620814       -0.00008943714881        0.00094996900339
    731       12.41190654691444       11.89485242356346       11.31704823028968       -0.00037081150507       -0.00120392713159       -0.00006161641894
    731       10.81869696104738       13.06736321307051       13.67903494222573        0.00039567438949        0.00183117340031       -0.00060407719197
    736       12.57640426112888       12.60725356414024       13.07541277960071        0.00004453111163       -0.00003730501438       -0.00002214306223
    736       13.11105372227889       11.14645180766316       14.18729190290289       -0.00048334949315       -0.00016535022118        0.00102021758852
    736       12.40621645061706       11.87661701076112       11.31534402766085       -0.00038735681281       -0.00122559774455       -0.00016119323674
    736       10.82402935881010       13.09509575924350       13.67004468953463        0.00031547765404        0.00186604277647       -0.00059456575799
    741       12.57710012012762       12.60671222480683       13.07508630027717        0.00004825389333       -0.00003511100353       -0.00002160046274
    741       13.10406522580420       11.14352151203213       14.20304980532346       -0.00045041725068       -0.00022149959498        0.00107834547992
    741       12.40030030263903       11.85813938672198       11.31234277581910       -0.00040094611178       -0.00123596030426       -0.00023365844627
    741       10.82817856116584       13.12332832530308       13.66119381239998        0.00023884354060        0.00189752453491       -0.00058577820346
    746       12.57785156175294       12.60619263320437       13.07475938606629        0.00005191355773       -0.00003452096948       -0.00002216761189
    746       13.09748612964756       11.13991773681501       14.21956700532356       -0.00042901579979       -0.00025451884913        0.00112077103066
    746       12.39419925972287       11.83959271138084       11.30848498131761       -0.00041221310424       -0.00123501016493       -0.00027483413064
    746       10.83123508687851       13.15199596474810       13.65246766765040        0.00017063128825        0.00192361036866       -0.00057771273612
    751       12.57865669395841       12.60566564622953       13.07441740064001        0.00005540622559       -0.00003618327748       -0.00002354720484
    751       13.09113198728290       11.13601315336190       14.23657942700706       -0.00042061744404       -0.00026113717000        0.00114378772234
    751       12.38794079838999       11.82113796602260       11.30425612883321       -0.00042201013696       -0.00122381226568       -0.00028312388487
    751       10.83336159355859       13.18099603591304       13.64386450431020        0.00011577512181        0.00194125565621       -0.00056930821807
    756       12.57951299107470       12.60509585689469       13.07405014009797        0.00005873422884       -0.00004016579146       -0.00002552459034
    756       13.08480395706825       11.13221622603519       14.25377705446152       -0.00042543126279       -0.00024024730651        0.00114530134986
    756       12.38154576000880       11.80292858447952       11.30014340059049       -0.00043036541068       -0.00120208914353       -0.00025981669563
    756       10.83479447043682       13.21017846169202       13.63538620759545        0.00007877206352        0.00194748222411       -0.00056145372121
    761       12.58041725381439       12.60445246838744       13.07364884095557        0.00006174405250       -0.00004585598964       -0.00002808803409
    761       13.07831088640360       11.12892868915250       14.27083581099457       -0.00044236010826       -0.00019384364154        0.00112554602419
    761       12.37503839249986       11.78513271347420       11.29659731718483       -0.00043697378076       -0.00116845647573       -0.00020820400800
    761       10.83582264916111       13.23935960182437       13.62700372459237        0.00006208620195        0.00194111075342       -0.00055715775776
    766       12.58136196333977       12.60371543139572       13.07320513219861        0.00006406906119       -0.00005255161439       -0.00003112159971
    766       13.07148079568984       11.12650257155574       14.28745352292709       -0.00047022046064       -0.00012624525220        0.00108706934874
    766       12.36844376783564       11.76793397917181       11.29401688748184       -0.00044206962987       -0.00112259837434       -0.00013173677727
    766       10.83675802095603       13.26835513900054       13.61864226485360        0.00006637758017        0.00192291805237       -0.00055881581086
    771       12.58233515943783       12.60287250329327       13.07271543913322        0.00006552927559       -0.00005998139037       -0.00003411960478
    771       13.06415512610064       11.12522371983264       14.30337332126780       -0.00050831860837       -0.00004140003414        0.00103302543753
    771       12.36178337909022       11.75150590608013       11.29274418272859       -0.00044564852173       -0.00106610248845       -0.00003466170829
    771       10.83791037142135       13.29699450154663       13.61021267131681        0.00009073773349        0.00189373020732       -0.00056594139724
    776       12.58332372644095       12.60191182836873       13.07218303832927        0.00006614318750       -0.00006825629180       -0.00003681571471
    776       13.05618605826101       11.12533123592340       14.31838319608445       -0.00055578347446        0.00005812808506        0.00096629958705
    776       12.35508522380913       11.73599092207318       11.29305309051181       -0.00044697740064       -0.00100128366828        0.00007827131527
    776       10.83956890623614       13.32511400891924       13.60164806330300        0.00013354161350        0.00185348757283       -0.00057641509209
    781       12.58431621057773       12.60082167676767       13.07161233838627        0.00006606901640       -0.00007718447778       -0.00003923337704
    781       13.04744501635609       11.12702320482088       14.33231784790361       -0.00061084951633        0.00016917393371        0.00089031902556
    781       12.34838685267857       11.72149486773414       11.29514585214208       -0.00044564880238       -0.00093074062929        0.00020235166062
    781       10.84199445811659       13.35254573784836       13.59291225939693        0.00019259848609        0.00180220732163       -0.00058865686167
    786       12.58530224524756       12.59959509400523       13.07100637562153        0.00006524939324       -0.00008633725804       -0.00004159011943
    786       13.03783602376111       11.13043845644743       14.34506729197360       -0.00067103124554        0.00028687972542        0.00080905114349
    786       12.34172831375065       11.70808350611848       11.29915600120426       -0.00044178509041       -0.00085711434844        0.00033321017718
    786       10.84541553801281       13.37913668175418       13.58397733305024        0.00026596277131        0.00174187457677       -0.00060319214871
    791       12.58626949719197       12.59823421023254       13.07036340758058        0.00006356748543       -0.00009496602715       -0.00004416381961
    791       13.02730092201420       11.13563732300519       14.35658404144123       -0.00073398682965        0.00040625140739        0.00072663133482
    791       12.33513770623307       11.69578383440051       11.30515609545733       -0.00043698303242       -0.00078296322473        0.00046693650636
    791       10.85003504771522       13.40476792252737       13.57480093265383        0.00035219249095        0.00167430573738       -0.00062091952333
    796       12.58720501624442       12.59675038158175       13.06968217396539        0.00006098765001       -0.00010270803725       -0.00004660353581
    796       13.01581192709133       11.14261445923709       14.36687790973060       -0.00079786744474        0.00052321900635        0.00064662138387
    796       12.32861680969900       11.68458733001058       11.31315538077510       -0.00043253209745       -0.00071030697431        0.00059880709016
    796       10.85603487487113       13.42932996671199       13.56533605477164        0.00044949602651        0.00159936656040       -0.00064145628846
