           9
   1.0000844988482502        5.6503755078707463E-003   3.0942421321291318E-004  -2.8178383890792437E-003  -2.3950317662705212E-003   4.4107013405960395E-006   2.7403917796990133E-003  -2.3281009096030028E-003   3.1230885889396068E-006
   5.6503755078707463E-003  0.42551296827128693        1.4063538595071859E-002 -0.17747090168262170      -0.20128687342342846       -1.0016070596214365E-004  0.17901893830993759      -0.20230664561253342        6.4591022529386375E-005
   3.0942421321291324E-004   1.4063538595071859E-002   1.0010672847807820       -7.8318951025864291E-003  -7.2314378801550420E-003   1.2147793893289576E-005   7.6150002858422746E-003  -7.0406977352880295E-003   1.0010307100823240E-005
  -2.8178383890792437E-003 -0.17747090168262170       -7.8318951025864291E-003  0.69578086372558035        8.9106719795249187E-002   1.1034751150959668E-005  0.30416303217902529        8.9021235971014800E-002  -4.8279382176161943E-005
  -2.3950317662705212E-003 -0.20128687342342852       -7.2314378801550420E-003   8.9106719795249187E-002  0.60094381071576952        2.1887482609854612E-005  -8.9298910068674991E-002 -0.39903352964869249       -4.0415580690658134E-005
   4.4107013405960395E-006  -1.0016070596214363E-004   1.2147793893289576E-005   1.1034751150959668E-005   2.1887482609854612E-005  0.99999998573880744       -1.1032547996708487E-005   2.2087692185362634E-005   7.6500375326265445E-008
   2.7403917796990133E-003  0.17901893830993765        7.6150002858422746E-003  0.30416303217902541       -8.9298910068675019E-002  -1.1032547996708494E-005  0.69589720322065607       -8.9220337516414075E-002   4.6847902637293815E-005
  -2.3281009096030028E-003 -0.20230664561253348       -7.0406977352880295E-003   8.9021235971014800E-002 -0.39903352964869249        2.2087692185362661E-005  -8.9220337516414075E-002  0.60099781971212007       -3.9107592716389902E-005
   3.1230885889396068E-006   6.4591022529386362E-005   1.0010307100823240E-005  -4.8279382176161943E-005  -4.0415580690658121E-005   7.6500375326265432E-008   4.6847902637293815E-005  -3.9107592716389895E-005   1.0000000847360953     
