         1  0.00000031   51.657     -1.1324674483     -1.1322220647     -1.1322217498   0.210460E-05     0.10
         2  0.00000261   53.850     -1.1324801684     -1.1322243690     -1.1322217540   0.854708E-05     0.10
         3  0.00000639   56.862     -1.1324982828     -1.1322281744     -1.1322217893   0.195811E-04     0.10
         4  0.00001060   60.748     -1.1325210340     -1.1322324687     -1.1322218657   0.355862E-04     0.11
         5  0.00001481   65.383     -1.1325473089     -1.1322367266     -1.1322219191   0.570561E-04     0.10
         6  0.00001875   70.647     -1.1325762948     -1.1322407064     -1.1322219532   0.845759E-04     0.10
         7  0.00002241   76.402     -1.1326073396     -1.1322444144     -1.1322220020   0.118808E-03     0.11
         8  0.00002593   82.472     -1.1326397324     -1.1322479735     -1.1322220446   0.160449E-03     0.11
         9  0.00002933   88.704     -1.1326727771     -1.1322514156     -1.1322220869   0.210204E-03     0.10
        10  0.00003256   94.955     -1.1327057548     -1.1322546962     -1.1322221375   0.268770E-03     0.10
        11  0.00003562  101.071     -1.1327379053     -1.1322577954     -1.1322221795   0.336814E-03     0.10
        12  0.00003845  106.912     -1.1327685216     -1.1322606674     -1.1322222212   0.414940E-03     0.10
        13  0.00004096  112.354     -1.1327969233     -1.1322632175     -1.1322222624   0.503689E-03     0.10
        14  0.00004312  117.272     -1.1328224754     -1.1322654096     -1.1322222932   0.603512E-03     0.10
        15  0.00004490  121.557     -1.1328446428     -1.1322672213     -1.1322223227   0.714747E-03     0.10
        16  0.00004624  125.125     -1.1328629554     -1.1322685841     -1.1322223462   0.837618E-03     0.10
        17  0.00004713  127.899     -1.1328770387     -1.1322694920     -1.1322223599   0.972217E-03     0.10
        18  0.00004759  129.820     -1.1328866322     -1.1322699595     -1.1322223716   0.111849E-02     0.10
        19  0.00004758  130.857     -1.1328915576     -1.1322699566     -1.1322223744   0.127625E-02     0.10
        20  0.00004714  130.992     -1.1328917522     -1.1322695108     -1.1322223700   0.144515E-02     0.10
        21  0.00004630  130.224     -1.1328872568     -1.1322686659     -1.1322223625   0.162470E-02     0.10
        22  0.00004508  128.577     -1.1328781971     -1.1322674280     -1.1322223464   0.181426E-02     0.10
        23  0.00004352  126.090     -1.1328648042     -1.1322658467     -1.1322223260   0.201305E-02     0.10
        24  0.00004168  122.816     -1.1328473876     -1.1322639826     -1.1322223022   0.222018E-02     0.10
        25  0.00003959  118.828     -1.1328263282     -1.1322618677     -1.1322222728   0.243461E-02     0.10
        26  0.00003731  114.210     -1.1328020756     -1.1322595540     -1.1322222401   0.265522E-02     0.10
        27  0.00003491  109.053     -1.1327751371     -1.1322571134     -1.1322222076   0.288079E-02     0.10
        28  0.00003241  103.462     -1.1327460433     -1.1322545750     -1.1322221685   0.311005E-02     0.11
        29  0.00002987   97.550     -1.1327153842     -1.1322520008     -1.1322221335   0.334165E-02     0.11
        30  0.00002734   91.428     -1.1326837352     -1.1322494336     -1.1322220946   0.357422E-02     0.11
        31  0.00002486   85.214     -1.1326517061     -1.1322469211     -1.1322220568   0.380640E-02     0.10
        32  0.00002247   79.027     -1.1326198877     -1.1322444907     -1.1322220219   0.403680E-02     0.10
        33  0.00002020   72.981     -1.1325888553     -1.1322421806     -1.1322219844   0.426409E-02     0.10
        34  0.00001808   67.186     -1.1325591868     -1.1322400368     -1.1322219538   0.448697E-02     0.10
        35  0.00001612   61.751     -1.1325313791     -1.1322380471     -1.1322219248   0.470422E-02     0.10
        36  0.00001433   56.772     -1.1325059055     -1.1322362262     -1.1322218946   0.491470E-02     0.10
        37  0.00001274   52.338     -1.1324832306     -1.1322346152     -1.1322218713   0.511736E-02     0.11
        38  0.00001136   48.529     -1.1324637385     -1.1322332158     -1.1322218509   0.531130E-02     0.10
        39  0.00001021   45.412     -1.1324477564     -1.1322320408     -1.1322218328   0.549572E-02     0.10
        40  0.00000930   43.041     -1.1324355726     -1.1322311206     -1.1322218169   0.566997E-02     0.10
        41  0.00000870   41.458     -1.1324274389     -1.1322305032     -1.1322218070   0.583355E-02     0.10
        42  0.00000842   40.692     -1.1324235190     -1.1322302246     -1.1322218011   0.598613E-02     0.10
        43  0.00000851   40.753     -1.1324238971     -1.1322303098     -1.1322218044   0.612752E-02     0.10
        44  0.00000891   41.643     -1.1324285304     -1.1322307170     -1.1322218115   0.625772E-02     0.10
        45  0.00000959   43.345     -1.1324373084     -1.1322314107     -1.1322218204   0.637688E-02     0.10
        46  0.00001054   45.828     -1.1324500745     -1.1322323796     -1.1322218387   0.648532E-02     0.10
        47  0.00001170   49.051     -1.1324665523     -1.1322335513     -1.1322218556   0.658350E-02     0.10
        48  0.00001305   52.955     -1.1324864691     -1.1322349220     -1.1322218713   0.667207E-02     0.11
        49  0.00001465   57.472     -1.1325095561     -1.1322365516     -1.1322218986   0.675178E-02     0.10
        50  0.00001645   62.522     -1.1325353806     -1.1322383861     -1.1322219355   0.682353E-02     0.10
        51  0.00001833   68.015     -1.1325633777     -1.1322402890     -1.1322219595   0.688836E-02     0.10
        52  0.00002034   73.853     -1.1325931456     -1.1322423257     -1.1322219814   0.694736E-02     0.10
        53  0.00002263   79.931     -1.1326243346     -1.1322446438     -1.1322220113   0.700176E-02     0.10
        54  0.00002522   86.137     -1.1326564457     -1.1322472764     -1.1322220581   0.705284E-02     0.10
        55  0.00002793   92.355     -1.1326887521     -1.1322500435     -1.1322221110   0.710192E-02     0.11
        56  0.00003053   98.473     -1.1327204445     -1.1322526748     -1.1322221441   0.715038E-02     0.10
        57  0.00003297  104.375     -1.1327509564     -1.1322551512     -1.1322221792   0.719958E-02     0.10
        58  0.00003529  109.945     -1.1327797623     -1.1322575006     -1.1322222097   0.725091E-02     0.11
        59  0.00003749  115.073     -1.1328063551     -1.1322597350     -1.1322222406   0.730571E-02     0.10
        60  0.00003959  119.660     -1.1328302729     -1.1322618606     -1.1322222671   0.736527E-02     0.11
        61  0.00004155  123.616     -1.1328510654     -1.1322638606     -1.1322223105   0.743085E-02     0.11
        62  0.00004315  126.857     -1.1328680897     -1.1322654904     -1.1322223392   0.750359E-02     0.10
        63  0.00004430  129.310     -1.1328809013     -1.1322666510     -1.1322223496   0.758457E-02     0.10
        64  0.00004509  130.918     -1.1328893360     -1.1322674478     -1.1322223541   0.767475E-02     0.11
        65  0.00004561  131.643     -1.1328933110     -1.1322679752     -1.1322223689   0.777495E-02     0.11
        66  0.00004575  131.468     -1.1328926267     -1.1322681260     -1.1322223804   0.788587E-02     0.10
        67  0.00004539  130.387     -1.1328871277     -1.1322677615     -1.1322223743   0.800811E-02     0.11
        68  0.00004453  128.417     -1.1328769048     -1.1322668948     -1.1322223621   0.814209E-02     0.11
        69  0.00004325  125.598     -1.1328622019     -1.1322655834     -1.1322223304   0.828810E-02     0.10
        70  0.00004168  121.989     -1.1328434756     -1.1322639992     -1.1322223147   0.844628E-02     0.10
        71  0.00003980  117.670     -1.1328210450     -1.1322620854     -1.1322222868   0.861663E-02     0.10
        72  0.00003757  112.735     -1.1327953428     -1.1322598245     -1.1322222564   0.879906E-02     0.10
        73  0.00003498  107.289     -1.1327668547     -1.1322572087     -1.1322222314   0.899334E-02     0.10
        74  0.00003200  101.440     -1.1327360437     -1.1322541789     -1.1322221765   0.919920E-02     0.10
        75  0.00002885   95.308     -1.1327037171     -1.1322509844     -1.1322221387   0.941624E-02     0.10
        76  0.00002563   89.015     -1.1326705505     -1.1322477113     -1.1322220838   0.964403E-02     0.10
        77  0.00002254   82.691     -1.1326373775     -1.1322445753     -1.1322220331   0.988205E-02     0.11
        78  0.00001978   76.477     -1.1326050390     -1.1322417582     -1.1322219819   0.101297E-01     0.10
        79  0.00001741   70.518     -1.1325743263     -1.1322393498     -1.1322219397   0.103865E-01     0.10
        80  0.00001541   64.968     -1.1325459248     -1.1322373137     -1.1322219065   0.106518E-01     0.10
        81  0.00001364   59.975     -1.1325203880     -1.1322354954     -1.1322218600   0.109251E-01     0.10
        82  0.00001215   55.677     -1.1324984410     -1.1322339637     -1.1322218111   0.112059E-01     0.10
        83  0.00001111   52.194     -1.1324808369     -1.1322329044     -1.1322217938   0.114937E-01     0.10
        84  0.00001036   49.622     -1.1324678585     -1.1322321442     -1.1322217885   0.117883E-01     0.10
        85  0.00000973   48.029     -1.1324596394     -1.1322314929     -1.1322217645   0.120894E-01     0.10
        86  0.00000936   47.450     -1.1324565167     -1.1322311163     -1.1322217540   0.123970E-01     0.10
        87  0.00000938   47.892     -1.1324586435     -1.1322311451     -1.1322217680   0.127110E-01     0.11
        88  0.00000973   49.332     -1.1324658423     -1.1322315063     -1.1322217753   0.130317E-01     0.10
        89  0.00001049   51.725     -1.1324779785     -1.1322322730     -1.1322217835   0.133592E-01     0.11
        90  0.00001179   55.009     -1.1324949044     -1.1322336002     -1.1322218117   0.136939E-01     0.10
        91  0.00001359   59.097     -1.1325161723     -1.1322354471     -1.1322218592   0.140362E-01     0.10
        92  0.00001567   63.884     -1.1325410423     -1.1322375811     -1.1322219066   0.143866E-01     0.11
        93  0.00001791   69.247     -1.1325687839     -1.1322398474     -1.1322219344   0.147457E-01     0.11
        94  0.00002041   75.058     -1.1325989184     -1.1322423757     -1.1322219691   0.151140E-01     0.10
        95  0.00002324   81.187     -1.1326309027     -1.1322452459     -1.1322220067   0.154920E-01     0.10
        96  0.00002640   87.501     -1.1326641065     -1.1322484589     -1.1322220636   0.158804E-01     0.10
        97  0.00002966   93.862     -1.1326976499     -1.1322517823     -1.1322221238   0.162798E-01     0.10
        98  0.00003273  100.128     -1.1327305484     -1.1322549165     -1.1322221835   0.166906E-01     0.10
        99  0.00003548  106.147     -1.1327619089     -1.1322576879     -1.1322222108   0.171135E-01     0.10
       100  0.00003802  111.767     -1.1327911985     -1.1322602798     -1.1322222584   0.175487E-01     0.10
       101  0.00004035  116.852     -1.1328177144     -1.1322626394     -1.1322222859   0.179965E-01     0.10
       102  0.00004250  121.293     -1.1328409816     -1.1322648110     -1.1322223082   0.184568E-01     0.10
       103  0.00004444  125.013     -1.1328606142     -1.1322667740     -1.1322223387   0.189298E-01     0.10
       104  0.00004594  127.962     -1.1328761390     -1.1322682896     -1.1322223545   0.194152E-01     0.10
       105  0.00004686  130.113     -1.1328872929     -1.1322692250     -1.1322223619   0.199130E-01     0.10
       106  0.00004707  131.452     -1.1328938862     -1.1322694588     -1.1322223892   0.204230E-01     0.10
       107  0.00004632  131.964     -1.1328955628     -1.1322687042     -1.1322223809   0.209446E-01     0.10
       108  0.00004476  131.629     -1.1328923874     -1.1322671195     -1.1322223635   0.214775E-01     0.11
       109  0.00004272  130.430     -1.1328846298     -1.1322650596     -1.1322223377   0.220208E-01     0.11
       110  0.00004067  128.356     -1.1328726993     -1.1322629777     -1.1322223115   0.225735E-01     0.10
       111  0.00003883  125.419     -1.1328569195     -1.1322611526     -1.1322223220   0.231344E-01     0.10
       112  0.00003704  121.661     -1.1328372495     -1.1322593327     -1.1322222896   0.237020E-01     0.12
       113  0.00003527  117.165     -1.1328140886     -1.1322575303     -1.1322222625   0.242748E-01     0.10
       114  0.00003355  112.034     -1.1327879431     -1.1322557552     -1.1322222075   0.248511E-01     0.10
       115  0.00003204  106.390     -1.1327595904     -1.1322542159     -1.1322221781   0.254293E-01     0.10
       116  0.00003066  100.366     -1.1327295583     -1.1322527985     -1.1322221398   0.260079E-01     0.10
       117  0.00002926   94.106     -1.1326984056     -1.1322513790     -1.1322221178   0.265850E-01     0.10
       118  0.00002758   87.755     -1.1326665206     -1.1322496640     -1.1322220855   0.271593E-01     0.11
       119  0.00002546   81.452     -1.1326344123     -1.1322474981     -1.1322220391   0.277290E-01     0.11
       120  0.00002301   75.325     -1.1326028130     -1.1322450006     -1.1322219899   0.282930E-01     0.10
       121  0.00002047   69.483     -1.1325724826     -1.1322424244     -1.1322219573   0.288498E-01     0.10
       122  0.00001800   64.006     -1.1325439678     -1.1322399243     -1.1322219248   0.293981E-01     0.11
       123  0.00001575   58.965     -1.1325177567     -1.1322376586     -1.1322219131   0.299366E-01     0.11
       124  0.00001364   54.428     -1.1324940778     -1.1322355310     -1.1322218919   0.304640E-01     0.10
       125  0.00001169   50.467     -1.1324732746     -1.1322335452     -1.1322218529   0.309792E-01     0.10
       126  0.00001012   47.153     -1.1324559366     -1.1322319488     -1.1322218300   0.314809E-01     0.10
       127  0.00000898   44.554     -1.1324424379     -1.1322307948     -1.1322218145   0.319683E-01     0.11
       128  0.00000826   42.726     -1.1324330283     -1.1322300719     -1.1322218089   0.324408E-01     0.11
       129  0.00000789   41.700     -1.1324277937     -1.1322297077     -1.1322218159   0.328980E-01     0.11
       130  0.00000775   41.488     -1.1324266379     -1.1322295607     -1.1322218153   0.333396E-01     0.11
       131  0.00000790   42.081     -1.1324295941     -1.1322297014     -1.1322217988   0.337656E-01     0.12
       132  0.00000863   43.459     -1.1324368710     -1.1322304294     -1.1322218006   0.341759E-01     0.10
       133  0.00001001   45.598     -1.1324484410     -1.1322318402     -1.1322218321   0.345707E-01     0.10
       134  0.00001173   48.468     -1.1324638230     -1.1322335913     -1.1322218633   0.349502E-01     0.10
       135  0.00001351   52.033     -1.1324825477     -1.1322353784     -1.1322218689   0.353148E-01     0.10
       136  0.00001545   56.249     -1.1325045081     -1.1322373152     -1.1322218700   0.356651E-01     0.10
       137  0.00001769   61.053     -1.1325296193     -1.1322396032     -1.1322219120   0.360020E-01     0.10
       138  0.00002003   66.374     -1.1325572754     -1.1322419859     -1.1322219539   0.363265E-01     0.10
       139  0.00002222   72.119     -1.1325867953     -1.1322442116     -1.1322219902   0.366401E-01     0.10
       140  0.00002422   78.180     -1.1326176092     -1.1322462371     -1.1322220191   0.369442E-01     0.10
       141  0.00002615   84.430     -1.1326492532     -1.1322481910     -1.1322220448   0.372404E-01     0.10
       142  0.00002814   90.744     -1.1326812866     -1.1322502317     -1.1322220884   0.375306E-01     0.10
       143  0.00003015   97.000     -1.1327130524     -1.1322522802     -1.1322221301   0.378163E-01     0.10
       144  0.00003205  103.078     -1.1327438639     -1.1322542208     -1.1322221745   0.380994E-01     0.10
       145  0.00003379  108.855     -1.1327730678     -1.1322559814     -1.1322221918   0.383815E-01     0.11
       146  0.00003560  114.212     -1.1328003441     -1.1322578124     -1.1322222153   0.386644E-01     0.10
       147  0.00003760  119.039     -1.1328253192     -1.1322598584     -1.1322222558   0.389495E-01     0.11
       148  0.00003964  123.241     -1.1328473636     -1.1322619434     -1.1322223023   0.392382E-01     0.10
       149  0.00004145  126.731     -1.1328657751     -1.1322637744     -1.1322223257   0.395321E-01     0.10
       150  0.00004301  129.432     -1.1328801782     -1.1322653455     -1.1322223395   0.398326E-01     0.10
       151  0.00004435  131.283     -1.1328903387     -1.1322667151     -1.1322223636   0.401408E-01     0.10
       152  0.00004534  132.244     -1.1328959113     -1.1322677213     -1.1322223769   0.404580E-01     0.10
       153  0.00004587  132.301     -1.1328967037     -1.1322682453     -1.1322223746   0.407851E-01     0.10
       154  0.00004594  131.459     -1.1328927619     -1.1322683016     -1.1322223584   0.411233E-01     0.10
       155  0.00004568  129.746     -1.1328843477     -1.1322680247     -1.1322223462   0.414734E-01     0.11
       156  0.00004502  127.202     -1.1328716274     -1.1322673905     -1.1322223667   0.418362E-01     0.10
       157  0.00004357  123.876     -1.1328543654     -1.1322659281     -1.1322223559   0.422126E-01     0.10
       158  0.00004123  119.830     -1.1328327551     -1.1322635354     -1.1322223059   0.426031E-01     0.10
       159  0.00003836  115.139     -1.1328075606     -1.1322606227     -1.1322222579   0.430084E-01     0.10
       160  0.00003533  109.886     -1.1327795381     -1.1322575561     -1.1322222285   0.434287E-01     0.11
       161  0.00003223  104.162     -1.1327492118     -1.1322544198     -1.1322221881   0.438642E-01     0.10
       162  0.00002919   98.079     -1.1327172206     -1.1322513231     -1.1322221369   0.443148E-01     0.10
       163  0.00002637   91.769     -1.1326843839     -1.1322484598     -1.1322220926   0.447807E-01     0.10
       164  0.00002376   85.379     -1.1326513918     -1.1322458242     -1.1322220625   0.452617E-01     0.11
       165  0.00002122   79.061     -1.1326187834     -1.1322432267     -1.1322220089   0.457580E-01     0.10
       166  0.00001881   72.969     -1.1325873866     -1.1322407661     -1.1322219516   0.462695E-01     0.10
       167  0.00001675   67.254     -1.1325581191     -1.1322386496     -1.1322218980   0.467962E-01     0.10
       168  0.00001511   62.058     -1.1325317810     -1.1322369924     -1.1322218849   0.473377E-01     0.11
       169  0.00001360   57.519     -1.1325086741     -1.1322354463     -1.1322218458   0.478937E-01     0.11
       170  0.00001220   53.762     -1.1324893825     -1.1322340027     -1.1322218001   0.484638E-01     0.10
       171  0.00001110   50.890     -1.1324746166     -1.1322328765     -1.1322217789   0.490479E-01     0.10
       172  0.00001027   48.978     -1.1324647012     -1.1322320453     -1.1322217794   0.496458E-01     0.10
       173  0.00000962   48.062     -1.1324596850     -1.1322313804     -1.1322217646   0.502577E-01     0.10
       174  0.00000930   48.147     -1.1324597678     -1.1322310577     -1.1322217563   0.508838E-01     0.10
       175  0.00000954   49.215     -1.1324650832     -1.1322313010     -1.1322217625   0.515243E-01     0.10
       176  0.00001037   51.231     -1.1324755130     -1.1322321563     -1.1322217906   0.521794E-01     0.10
       177  0.00001166   54.150     -1.1324906760     -1.1322334504     -1.1322217936   0.528492E-01     0.10
       178  0.00001348   57.920     -1.1325104465     -1.1322353130     -1.1322218321   0.535342E-01     0.10
       179  0.00001558   62.470     -1.1325342207     -1.1322374763     -1.1322218952   0.542347E-01     0.10
       180  0.00001756   67.702     -1.1325610750     -1.1322394772     -1.1322219191   0.549512E-01     0.10
       181  0.00001954   73.488     -1.1325905685     -1.1322414858     -1.1322219468   0.556842E-01     0.10
       182  0.00002177   79.668     -1.1326222244     -1.1322437825     -1.1322220090   0.564340E-01     0.10
       183  0.00002423   86.063     -1.1326551106     -1.1322462930     -1.1322220600   0.572007E-01     0.11
       184  0.00002694   92.487     -1.1326883844     -1.1322490518     -1.1322221084   0.579841E-01     0.11
       185  0.00002994   98.770     -1.1327212786     -1.1322520993     -1.1322221591   0.587842E-01     0.11
       186  0.00003308  104.768     -1.1327529578     -1.1322552880     -1.1322222119   0.596006E-01     0.11
       187  0.00003616  110.362     -1.1327826350     -1.1322583915     -1.1322222281   0.604332E-01     0.11
       188  0.00003925  115.462     -1.1328099777     -1.1322615069     -1.1322222552   0.612817E-01     0.11
       189  0.00004219  120.003     -1.1328345322     -1.1322644893     -1.1322223040   0.621460E-01     0.12
       190  0.00004452  123.934     -1.1328555631     -1.1322668466     -1.1322223311   0.630259E-01     0.11
       191  0.00004601  127.203     -1.1328726006     -1.1322683592     -1.1322223534   0.639212E-01     0.10
       192  0.00004653  129.748     -1.1328852506     -1.1322689185     -1.1322223869   0.648314E-01     0.11
       193  0.00004599  131.507     -1.1328930446     -1.1322683586     -1.1322223726   0.657560E-01     0.11
       194  0.00004479  132.417     -1.1328961449     -1.1322671359     -1.1322223477   0.666940E-01     0.11
       195  0.00004349  132.424     -1.1328948889     -1.1322658453     -1.1322223583   0.676441E-01     0.11
       196  0.00004214  131.493     -1.1328891277     -1.1322645088     -1.1322223682   0.686047E-01     0.11
       197  0.00004066  129.620     -1.1328787304     -1.1322630082     -1.1322223503   0.695739E-01     0.10
       198  0.00003904  126.845     -1.1328639132     -1.1322613733     -1.1322223348   0.705497E-01     0.10
       199  0.00003728  123.238     -1.1328449705     -1.1322595646     -1.1322222884   0.715301E-01     0.10
       200  0.00003563  118.883     -1.1328225924     -1.1322578713     -1.1322222424   0.725128E-01     0.10
