      1        0.70136188833000        0.00096620207776        0.00104702184853        0.00008702712386        0.00024070345801        0.00026083754667
      1       -0.70136188833000       -0.00096620207776       -0.00104702184853       -0.00008702712386       -0.00024070345801       -0.00026083754667
      2        0.70178460928536        0.00192562766405        0.00208670037333        0.00012344052636        0.00023878983322        0.00025876385319
      2       -0.70178460928536       -0.00192562766405       -0.00208670037333       -0.00012344052636       -0.00023878983322       -0.00025876385319
      3        0.70234941254091        0.00287652074355        0.00311713267408        0.00015801629944        0.00023691029514        0.00025672709773
      3       -0.70234941254091       -0.00287652074355       -0.00311713267408       -0.00015801629944       -0.00023691029514       -0.00025672709773
      4        0.70304873968089        0.00382091002518        0.00414051715518        0.00019068306487        0.00023560030539        0.00025530753164
      4       -0.70304873968089       -0.00382091002518       -0.00414051715518       -0.00019068306487       -0.00023560030539       -0.00025530753164
      5        0.70387487705990        0.00476132318668        0.00515959292717        0.00022147322703        0.00023490842890        0.00025455778226
      5       -0.70387487705990       -0.00476132318668       -0.00515959292717       -0.00022147322703       -0.00023490842890       -0.00025455778226
      6        0.70482052549713        0.00570017745635        0.00617697941325        0.00025053377361        0.00023480324873        0.00025444380491
      6       -0.70482052549713       -0.00570017745635       -0.00617697941325       -0.00025053377361       -0.00023480324873       -0.00025444380491
      7        0.70587914724879        0.00663974917651        0.00719514336646        0.00027800976546        0.00023515127315        0.00025482094174
      7       -0.70587914724879       -0.00663974917651       -0.00719514336646       -0.00027800976546       -0.00023515127315       -0.00025482094174
      8        0.70704460362080        0.00758138764158        0.00821554694719        0.00030394565238        0.00023573627103        0.00025545487474
      8       -0.70704460362080       -0.00758138764158       -0.00821554694719       -0.00030394565238       -0.00023573627103       -0.00025545487474
      9        0.70831071246779        0.00852563934475        0.00923878236442        0.00032830425959        0.00023642812946        0.00025620460783
      9       -0.70831071246779       -0.00852563934475       -0.00923878236442       -0.00032830425959       -0.00023642812946       -0.00025620460783
     10        0.70967103769752        0.00947281267730        0.01026518380979        0.00035099700781        0.00023715381157        0.00025699099482
     10       -0.70967103769752       -0.00947281267730       -0.01026518380979       -0.00035099700781       -0.00023715381157       -0.00025699099482
     11        0.71111868853023        0.01042286983730        0.01129471032299        0.00037189666977        0.00023783423350        0.00025772833698
     11       -0.71111868853023       -0.01042286983730       -0.01129471032299       -0.00037189666977       -0.00023783423350       -0.00025772833698
     12        0.71264621105572        0.01137548654529        0.01232701050565        0.00039086861579        0.00023844107287        0.00025838594339
     12       -0.71264621105572       -0.01137548654529       -0.01232701050565       -0.00039086861579       -0.00023844107287       -0.00025838594339
     13        0.71424563745652        0.01233039842025        0.01336179787011        0.00040778803442        0.00023897743336        0.00025896717736
     13       -0.71424563745652       -0.01233039842025       -0.01336179787011       -0.00040778803442       -0.00023897743336       -0.00025896717736
     14        0.71590851533108        0.01328730601216        0.01439874792449        0.00042253829592        0.00023942539854        0.00025945262394
     14       -0.71590851533108       -0.01328730601216       -0.01439874792449       -0.00042253829592       -0.00023942539854       -0.00025945262394
     15        0.71762594382390        0.01424580160859        0.01543741886163        0.00043502153417        0.00023978367048        0.00025984087743
     15       -0.71762594382390       -0.01424580160859       -0.01543741886163       -0.00043502153417       -0.00023978367048       -0.00025984087743
     16        0.71938868760444        0.01520557537604        0.01647747494390        0.00044516408011        0.00024006875398        0.00026014982321
     16       -0.71938868760444       -0.01520557537604       -0.01647747494390       -0.00044516408011       -0.00024006875398       -0.00026014982321
     17        0.72118725646475        0.01616635164043        0.01751861744729        0.00045290859534        0.00024027504916        0.00026037339297
     17       -0.72118725646475       -0.01616635164043       -0.01751861744729       -0.00045290859534       -0.00024027504916       -0.00026037339297
     18        0.72301195636716        0.01712777576933        0.01856046208764        0.00045821635199        0.00024040010445        0.00026050893110
     18       -0.72301195636716       -0.01712777576933       -0.01856046208764       -0.00045821635199       -0.00024040010445       -0.00026050893110
     19        0.72485298728070        0.01808955247606        0.01960268889608        0.00046107034495        0.00024045609846        0.00026056963501
     19       -0.72485298728070       -0.01808955247606       -0.01960268889608       -0.00046107034495       -0.00024045609846       -0.00026056963501
     20        0.72670051912679        0.01905142455702        0.02064501916772        0.00046146835271        0.00024043824517        0.00026055031802
     20       -0.72670051912679       -0.01905142455702       -0.02064501916772       -0.00046146835271       -0.00024043824517       -0.00026055031802
     21        0.72854473410235        0.02001305843745        0.02168709144023        0.00045942277459        0.00024033973643        0.00026044360374
     21       -0.72854473410235       -0.02001305843745       -0.02168709144023       -0.00045942277459       -0.00024033973643       -0.00026044360374
     22        0.73037590132351        0.02097414244843        0.02272856799767        0.00045496348811        0.00024016798374        0.00026025752394
     22       -0.73037590132351       -0.02097414244843       -0.02272856799767       -0.00045496348811       -0.00024016798374       -0.00026025752394
     23        0.73218444200722        0.02193440230736        0.02376915163177        0.00044813260376        0.00023991942118        0.00025998821364
     23       -0.73218444200722       -0.02193440230736       -0.02376915163177       -0.00044813260376       -0.00023991942118       -0.00025998821364
     24        0.73396096215360        0.02289349781786        0.02480847370681        0.00043898313319        0.00023958588266        0.00025962682513
     24       -0.73396096215360       -0.02289349781786       -0.02480847370681       -0.00043898313319       -0.00023958588266       -0.00025962682513
     25        0.73569630707276        0.02385108936861        0.02584616623279        0.00042758162680        0.00023917249478        0.00025917891449
     25       -0.73569630707276       -0.02385108936861       -0.02584616623279       -0.00042758162680       -0.00023917249478       -0.00025917891449
     26        0.73738161516801        0.02480687777608        0.02688190502270        0.00041400435819        0.00023867816052        0.00025864329164
     26       -0.73738161516801       -0.02480687777608       -0.02688190502270       -0.00041400435819       -0.00023867816052       -0.00025864329164
     27        0.73900834193831        0.02576051465279        0.02791531256591        0.00039833523539        0.00023809534649        0.00025801179454
     27       -0.73900834193831       -0.02576051465279       -0.02791531256591       -0.00039833523539       -0.00023809534649       -0.00025801179454
     28        0.74056829705117        0.02671164054803        0.02894599937904        0.00038066811641        0.00023742808971        0.00025728879919
     28       -0.74056829705117       -0.02671164054803       -0.02894599937904       -0.00038066811641       -0.00023742808971       -0.00025728879919
     29        0.74205368686959        0.02765993937045        0.02997362295946        0.00036110434667        0.00023667804476        0.00025647609667
     29       -0.74205368686959       -0.02765993937045       -0.02997362295946       -0.00036110434667       -0.00023667804476       -0.00025647609667
     30        0.74345713182453        0.02860506490613        0.03099780815237        0.00033975038127        0.00023583944126        0.00025556743518
     30       -0.74345713182453       -0.02860506490613       -0.03099780815237       -0.00033975038127       -0.00023583944126       -0.00025556743518
     31        0.74477168991974        0.02954665490052        0.03201816244086        0.00031671967765        0.00023491593386        0.00025456677743
     31       -0.74477168991974       -0.02954665490052       -0.03201816244086       -0.00031671967765       -0.00023491593386       -0.00025456677743
     32        0.74599088924573        0.03048439237705        0.03303434237179        0.00029213133149        0.00023391179003        0.00025347874529
     32       -0.74599088924573       -0.03048439237705       -0.03303434237179       -0.00029213133149       -0.00023391179003       -0.00025347874529
     33        0.74710874057166        0.03141794922074        0.03404599240321        0.00026610771261        0.00023282342520        0.00025229945498
     33       -0.74710874057166       -0.03141794922075       -0.03404599240321       -0.00026610771261       -0.00023282342520       -0.00025229945498
     34        0.74811975094659        0.03234697977867        0.03505273801166        0.00023877592803        0.00023165417124        0.00025103252091
     34       -0.74811975094659       -0.03234697977868       -0.03505273801167       -0.00023877592803       -0.00023165417124       -0.00025103252091
     35        0.74901894799594        0.03327118259062        0.03605425257051        0.00021026728732        0.00023041030323        0.00024968474027
     35       -0.74901894799594       -0.03327118259063       -0.03605425257051       -0.00021026728732       -0.00023041030323       -0.00024968474027
     36        0.74980188924511        0.03419026220451        0.03705021593380        0.00018071503064        0.00022909063549        0.00024825482713
     36       -0.74980188924511       -0.03419026220451       -0.03705021593380       -0.00018071503064       -0.00022909063549       -0.00024825482713
     37        0.75046466824107        0.03510390767456        0.03804029118751        0.00015025527487        0.00022769846753        0.00024674636278
     37       -0.75046466824108       -0.03510390767457       -0.03804029118752       -0.00015025527487       -0.00022769846753       -0.00024674636278
     38        0.75100393144411        0.03601184994477        0.03902418683608        0.00011902712524        0.00022624179956        0.00024516801468
     38       -0.75100393144411       -0.03601184994477       -0.03902418683608       -0.00011902712524       -0.00022624179956       -0.00024516801468
     39        0.75141688524302        0.03691384207105        0.04000163530494        0.00008717066529        0.00022472222701        0.00024352150760
     39       -0.75141688524302       -0.03691384207105       -0.04000163530494       -0.00008717066529       -0.00022472222701       -0.00024352150760
     40        0.75170129676640        0.03780962776084        0.04097235889684        0.00005482726558        0.00022314336491        0.00024181076626
     40       -0.75170129676640       -0.03780962776084       -0.04097235889684       -0.00005482726558       -0.00022314336491       -0.00024181076626
     41        0.75185550336769        0.03869898899031        0.04193612143500        0.00002214001112        0.00022151434910        0.00024004569213
     41       -0.75185550336769       -0.03869898899032       -0.04193612143500       -0.00002214001112       -0.00022151434910       -0.00024004569213
     42        0.75187841685536        0.03958174255365        0.04289272443391       -0.00001074778907        0.00021983956165        0.00023823102555
     42       -0.75187841685536       -0.03958174255365       -0.04289272443391        0.00001074778907       -0.00021983956165       -0.00023823102555
     43        0.75176952105512        0.04045770548351        0.04384196963941       -0.00004369283026        0.00021812340723        0.00023637154537
     43       -0.75176952105512       -0.04045770548352       -0.04384196963941        0.00004369283026       -0.00021812340723       -0.00023637154537
     44        0.75152887421327        0.04132672981146        0.04478369679691       -0.00007655156987        0.00021637568049        0.00023447787424
     44       -0.75152887421327       -0.04132672981147       -0.04478369679691        0.00007655156987       -0.00021637568049       -0.00023447787424
     45        0.75115710849617        0.04218871092743        0.04571779263333       -0.00010918093815        0.00021460349591        0.00023255771164
     45       -0.75115710849617       -0.04218871092743       -0.04571779263333        0.00010918093815       -0.00021460349591       -0.00023255771164
     46        0.75065542670808        0.04304355777873        0.04664415849005       -0.00014143842668        0.00021281304992        0.00023061776928
     46       -0.75065542670808       -0.04304355777873       -0.04664415849005        0.00014143842668       -0.00021281304992       -0.00023061776928
     47        0.75002560108271        0.04389121532680        0.04756273478759       -0.00017318290429        0.00021101454710        0.00022866912158
     47       -0.75002560108272       -0.04389121532681       -0.04756273478759        0.00017318290429       -0.00021101454710       -0.00022866912158
     48        0.74926996347377        0.04473167415552        0.04847351146268       -0.00020427548508        0.00020921666651        0.00022672117299
     48       -0.74926996347377       -0.04473167415552       -0.04847351146268        0.00020427548508       -0.00020921666651       -0.00022672117299
     49        0.74839139720205        0.04556494865887        0.04937650417147       -0.00023457781578        0.00020742794643        0.00022478315857
     49       -0.74839139720206       -0.04556494865887       -0.04937650417148        0.00023457781578       -0.00020742794643       -0.00022478315857
     50        0.74739334094751        0.04639109772695        0.05027177673124       -0.00026395282796        0.00020565984358        0.00022286750197
     50       -0.74739334094751       -0.04639109772695       -0.05027177673124        0.00026395282796       -0.00020565984358       -0.00022286750197
     51        0.74627977457841        0.04721022740749        0.05115944418723       -0.00029226872552        0.00020392102756        0.00022098362100
     51       -0.74627977457841       -0.04721022740750       -0.05115944418723        0.00029226872552       -0.00020392102756       -0.00022098362100
     52        0.74505519114336        0.04802246594746        0.05203964569926       -0.00031939689485        0.00020222121283        0.00021914203007
     52       -0.74505519114336       -0.04802246594747       -0.05203964569927        0.00031939689485       -0.00020222121283       -0.00021914203007
     53        0.74372459941958        0.04882799711017        0.05291258042780       -0.00034520773503        0.00020057538616        0.00021735894383
     53       -0.74372459941959       -0.04882799711017       -0.05291258042781        0.00034520773503       -0.00020057538616       -0.00021735894383
     54        0.74229352926314        0.04962706903673        0.05377851724991       -0.00036957581918        0.00019899316507        0.00021564480758
     54       -0.74229352926315       -0.04962706903673       -0.05377851724992        0.00036957581918       -0.00019899316507       -0.00021564480758
     55        0.74076799286612        0.05041994243071        0.05463773888847       -0.00039238506525        0.00019748122225        0.00021400688798
     55       -0.74076799286612       -0.05041994243071       -0.05463773888847        0.00039238506525       -0.00019748122225       -0.00021400688798
     56        0.73915444874111        0.05120691881469        0.05549057235373       -0.00041352330753        0.00019605601408        0.00021246298775
     56       -0.73915444874112       -0.05120691881469       -0.05549057235373        0.00041352330753       -0.00019605601408       -0.00021246298775
     57        0.73745980640588        0.05198839054338        0.05633744279046       -0.00043287808854        0.00019473322089        0.00021103005791
     57       -0.73745980640589       -0.05198839054338       -0.05633744279047        0.00043287808854       -0.00019473322089       -0.00021103005791
     58        0.73569142403277        0.05276478458179        0.05717881281697       -0.00045034166920        0.00019351826265        0.00020971401329
     58       -0.73569142403278       -0.05276478458180       -0.05717881281698        0.00045034166920       -0.00019351826265       -0.00020971401329
     59        0.73385707305231        0.05353653664460        0.05801515489679       -0.00046581665075        0.00019242082353        0.00020852539857
     59       -0.73385707305232       -0.05353653664460       -0.05801515489679        0.00046581665075       -0.00019242082353       -0.00020852539857
     60        0.73196489082679        0.05430415117005        0.05884701600552       -0.00047921683245        0.00019145796367        0.00020748266443
     60       -0.73196489082679       -0.05430415117006       -0.05884701600552        0.00047921683245       -0.00019145796367       -0.00020748266443
     61        0.73002333839271        0.05506820035396        0.05967501621219       -0.00049046278768        0.00019064246513        0.00020659961484
     61       -0.73002333839271       -0.05506820035396       -0.05967501621220        0.00049046278768       -0.00019064246513       -0.00020659961484
     62        0.72804118852531        0.05582929089108        0.06049981292426       -0.00049947609872        0.00018998445370        0.00020588724152
     62       -0.72804118852531       -0.05582929089108       -0.06049981292427        0.00049947609872       -0.00018998445370       -0.00020588724152
     63        0.72602752960295        0.05658807598356        0.06132211414437       -0.00050618405240        0.00018949331104        0.00020535574831
     63       -0.72602752960296       -0.05658807598357       -0.06132211414437        0.00050618405240       -0.00018949331104       -0.00020535574831
     64        0.72399171610610        0.05734523737942        0.06214265891077       -0.00051053048013        0.00018917445639        0.00020501103429
     64       -0.72399171610610       -0.05734523737943       -0.06214265891078        0.00051053048013       -0.00018917445639       -0.00020501103429
     65        0.72194328576195        0.05810147163469        0.06296220241869       -0.00051247341713        0.00018903866586        0.00020486478121
     65       -0.72194328576196       -0.05810147163470       -0.06296220241869        0.00051247341713       -0.00018903866586       -0.00020486478121
     66        0.71989192876904        0.05885754670629        0.06378157716044       -0.00051197694405        0.00018910399889        0.00020493649768
     66       -0.71989192876905       -0.05885754670630       -0.06378157716045        0.00051197694405       -0.00018910399890       -0.00020493649768
     67        0.71784747020955        0.05961430362585        0.06460169440013       -0.00050901760397        0.00018937946856        0.00020523589260
     67       -0.71784747020956       -0.05961430362586       -0.06460169440014        0.00050901760397       -0.00018937946856       -0.00020523589260
     68        0.71581978793730        0.06037258245479        0.06542346430124       -0.00050359417396        0.00018986387257        0.00020576172084
     68       -0.71581978793730       -0.06037258245480       -0.06542346430124        0.00050359417396       -0.00018986387257       -0.00020576172084
     69        0.71381871681791        0.06113321460645        0.06624778816682       -0.00049572524205        0.00019055884799        0.00020651584760
     69       -0.71381871681791       -0.06113321460646       -0.06624778816682        0.00049572524205       -0.00019055884800       -0.00020651584760
     70        0.71185398600089        0.06189705323875        0.06707559108200       -0.00048544602486        0.00019146872992        0.00020750297573
     70       -0.71185398600090       -0.06189705323876       -0.06707559108201        0.00048544602486       -0.00019146872992       -0.00020750297573
     71        0.70993514861900        0.06266496444577        0.06790781197265       -0.00047280796027        0.00019259888933        0.00020872890203
     71       -0.70993514861901       -0.06266496444578       -0.06790781197265        0.00047280796027       -0.00019259888933       -0.00020872890203
     72        0.70807152231870        0.06343784435337        0.06874542229828       -0.00045786937590        0.00019396075182        0.00021020599749
     72       -0.70807152231870       -0.06343784435338       -0.06874542229828        0.00045786937590       -0.00019396075182       -0.00021020599749
     73        0.70627219361183        0.06421665046029        0.06958945995257       -0.00044068541835        0.00019556566194        0.00021194650221
     73       -0.70627219361184       -0.06421665046030       -0.06958945995258        0.00044068541835       -0.00019556566194       -0.00021194650221
     74        0.70454603897192        0.06500236964886        0.07044099431599       -0.00042131085995        0.00019741534484        0.00021395222595
     74       -0.70454603897192       -0.06500236964886       -0.07044099431600        0.00042131085995       -0.00019741534484       -0.00021395222595
     75        0.70290170673222        0.06579597321901        0.07130107776019       -0.00039980584808        0.00019950397627        0.00021621686911
     75       -0.70290170673223       -0.06579597321902       -0.07130107776020        0.00039980584808       -0.00019950397627       -0.00021621686911
     76        0.70134759218725        0.06659840145902        0.07217072926890       -0.00037623554200        0.00020182064971        0.00021872866438
     76       -0.70134759218725       -0.06659840145902       -0.07217072926890        0.00037623554200       -0.00020182064971       -0.00021872866438
     77        0.69989182239618        0.06741053841673        0.07305090707521       -0.00035067406798        0.00020434882106        0.00022146972368
     77       -0.69989182239619       -0.06741053841673       -0.07305090707522        0.00035067406798       -0.00020434882106       -0.00022146972368
     78        0.69854219964343        0.06823319202751        0.07394248705837       -0.00032321807626        0.00020707053103        0.00022442061042
     78       -0.69854219964343       -0.06823319202752       -0.07394248705837        0.00032321807626       -0.00020707053103       -0.00022442061042
     79        0.69730607778614        0.06906710266498        0.07484627195858       -0.00029399889183        0.00020997018081        0.00022756443331
     79       -0.69730607778615       -0.06906710266499       -0.07484627195859        0.00029399889183       -0.00020997018081       -0.00022756443331
     80        0.69619020850877        0.06991295347398        0.07576300252482       -0.00026318517232        0.00021303488163        0.00023088724121
     80       -0.69619020850877       -0.06991295347399       -0.07576300252483        0.00026318517232       -0.00021303488163       -0.00023088724121
     81        0.69520059640755        0.07077138171803        0.07669336988829       -0.00023098024663        0.00021625413375        0.00023437767037
     81       -0.69520059640756       -0.07077138171805       -0.07669336988830        0.00023098024663       -0.00021625413375       -0.00023437767037
     82        0.69434236653576        0.07164298654395        0.07763802388778       -0.00019761829247        0.00021961670514        0.00023802352646
     82       -0.69434236653576       -0.07164298654396       -0.07763802388779        0.00019761829247       -0.00021961670514       -0.00023802352646
     83        0.69361965006777        0.07252831535913        0.07859755809999       -0.00016335568654        0.00022310955329        0.00024181064126
     83       -0.69361965006778       -0.07252831535914       -0.07859755810000        0.00016335568654       -0.00022310955329       -0.00024181064126
     84        0.69303552104343        0.07342786297030        0.07957250901784       -0.00012845711219        0.00022672165409        0.00024572706097
     84       -0.69303552104344       -0.07342786297031       -0.07957250901785        0.00012845711219       -0.00022672165409       -0.00024572706097
     85        0.69259199317025        0.07434208859186        0.08056337458776       -0.00009318462745        0.00023044156256        0.00024976037344
     85       -0.69259199317026       -0.07434208859187       -0.08056337458777        0.00009318462745       -0.00023044156256       -0.00024976037344
     86        0.69229004402385        0.07527139547079        0.08157059200539       -0.00005779194619        0.00023424949881        0.00025388913030
     86       -0.69229004402385       -0.07527139547080       -0.08157059200540        0.00005779194619       -0.00023424949881       -0.00025388913030
     87        0.69212965760076        0.07621608458231        0.08259448763017       -0.00002251801216        0.00023811786198        0.00025808342942
     87       -0.69212965760077       -0.07621608458232       -0.08259448763018        0.00002251801216       -0.00023811786198       -0.00025808342942
     88        0.69210989992654        0.07717633836660        0.08363525944077        0.00001241816413        0.00024201887327        0.00026231316453
     88       -0.69210989992655       -0.07717633836662       -0.08363525944078       -0.00001241816413       -0.00024201887327       -0.00026231316453
     89        0.69222900291378        0.07815223556845        0.08469299294638        0.00004681471296        0.00024592925580        0.00026655310568
     89       -0.69222900291378       -0.07815223556846       -0.08469299294639       -0.00004681471296       -0.00024592925580       -0.00026655310568
     90        0.69248441763025        0.07914377241301        0.08576768428618        0.00008047992289        0.00024982768368        0.00027078017073
     90       -0.69248441763026       -0.07914377241303       -0.08576768428619       -0.00008047992289       -0.00024982768368       -0.00027078017073
     91        0.69287284229693        0.08015085703787        0.08685923431219        0.00011322940511        0.00025368593916        0.00027496376608
     91       -0.69287284229693       -0.08015085703788       -0.08685923431221       -0.00011322940511       -0.00025368593916       -0.00027496376608
     92        0.69339025287115        0.08117325992633        0.08796739441486        0.00014488830654        0.00025746522110        0.00027906178025
     92       -0.69339025287116       -0.08117325992634       -0.08796739441487       -0.00014488830654       -0.00025746522110       -0.00027906178025
     93        0.69403194874922        0.08221057880665        0.08909172855420        0.00017529378296        0.00026112570207        0.00028303109887
     93       -0.69403194874923       -0.08221057880666       -0.08909172855421       -0.00017529378296       -0.00026112570207       -0.00028303109887
     94        0.69479260313480        0.08326226554290        0.09023164320585        0.00020429334559        0.00026463747236        0.00028683945010
     94       -0.69479260313481       -0.08326226554291       -0.09023164320586       -0.00020429334559       -0.00026463747236       -0.00028683945010
     95        0.69566629551396        0.08432767858556        0.09138644415500        0.00023174083157        0.00026798342110        0.00029046832185
     95       -0.69566629551398       -0.08432767858558       -0.09138644415501       -0.00023174083157       -0.00026798342110       -0.00029046832185
     96        0.69664652978735        0.08540613291168        0.09255538978064        0.00025749634684        0.00027115630146        0.00029390974712
     96       -0.69664652978736       -0.08540613291170       -0.09255538978065       -0.00025749634684       -0.00027115630146       -0.00029390974712
     97        0.69772626628869        0.08649692899722        0.09373772213199        0.00028142898859        0.00027414766673        0.00029715443733
     97       -0.69772626628871       -0.08649692899723       -0.09373772213200       -0.00028142898859       -0.00027414766673       -0.00029715443733
     98        0.69889796169606        0.08759931424553        0.09493262527929        0.00030341558826        0.00027693349662        0.00030017629599
     98       -0.69889796169608       -0.08759931424555       -0.09493262527930       -0.00030341558826       -0.00027693349662       -0.00030017629599
     99        0.70015359099480        0.08871239697018        0.09613913249991        0.00032333878166        0.00027947133290        0.00030292937065
     99       -0.70015359099481       -0.08871239697020       -0.09613913249993       -0.00032333878166       -0.00027947133290       -0.00030292937065
    100        0.70148467194933        0.08983508490870        0.09735606024452        0.00034109102955        0.00028171087718        0.00030535929135
    100       -0.70148467194934       -0.08983508490872       -0.09735606024453       -0.00034109102955       -0.00028171087718       -0.00030535929135
    101        0.70288231923122        0.09096608398759        0.09858200683069        0.00035657893784        0.00028361386169        0.00030742470079
    101       -0.70288231923123       -0.09096608398761       -0.09858200683070       -0.00035657893784       -0.00028361386169       -0.00030742470079
    102        0.70433730345206        0.09210399580219        0.09981545785084        0.00036972363066        0.00028517575480        0.00030912079962
    102       -0.70433730345207       -0.09210399580220       -0.09981545785085       -0.00036972363066       -0.00028517575480       -0.00030912079962
    103        0.70584010827648        0.09324749002595        0.10105497322763        0.00038046712152        0.00028642622546        0.00031047981238
    103       -0.70584010827649       -0.09324749002597       -0.10105497322765       -0.00038046712152       -0.00028642622546       -0.00031047981238
    104        0.70738104042422        0.09439540560584        0.10229929634992        0.00038878647317        0.00028740560742        0.00031154527528
    104       -0.70738104042423       -0.09439540560586       -0.10229929634993       -0.00038878647317       -0.00028740560742       -0.00031154527528
    105        0.70895040006181        0.09554673488535        0.10354733542984        0.00039469729840        0.00028814684052        0.00031235251591
    105       -0.70895040006183       -0.09554673488537       -0.10354733542985       -0.00039469729840       -0.00028814684052       -0.00031235251591
    106        0.71053861881139        0.09670058033001        0.10479811647722        0.00039823655537        0.00028866698251        0.00031291980571
    106       -0.71053861881141       -0.09670058033002       -0.10479811647723       -0.00039823655537       -0.00028866698251       -0.00031291980571
    107        0.71213629250476        0.09785607074546        0.10605069387553        0.00039943947943        0.00028895480164        0.00031323505222
    107       -0.71213629250478       -0.09785607074548       -0.10605069387555       -0.00039943947943       -0.00028895480164       -0.00031323505222
    108        0.71373413464680        0.09901221874314        0.10730399689494        0.00039832721853        0.00028897032372        0.00031325514834
    108       -0.71373413464682       -0.09901221874316       -0.10730399689496       -0.00039832721853       -0.00028897032372       -0.00031325514834
    109        0.71532291025302        0.10016783333522        0.10855673506226        0.00039490651729        0.00028866018583        0.00031292241824
    109       -0.71532291025303       -0.10016783333524       -0.10855673506228       -0.00039490651729       -0.00028866018583       -0.00031292241824
    110        0.71689338678509        0.10132150022981        0.10980737624089        0.00038917555894        0.00028796751591        0.00031217522250
    110       -0.71689338678511       -0.10132150022983       -0.10980737624091       -0.00038917555894       -0.00028796751591       -0.00031217522250
    111        0.71843631472452        0.10247157346249        0.11105413684228        0.00038113076495        0.00028684767465        0.00031096512880
    111       -0.71843631472453       -0.10247157346251       -0.11105413684229       -0.00038113076495       -0.00028684767465       -0.00031096512880
    112        0.71994243290467        0.10361628162698        0.11229509727127        0.00037077505990        0.00028529619085        0.00030928737819
    112       -0.71994243290468       -0.10361628162700       -0.11229509727129       -0.00037077505990       -0.00028529619085       -0.00030928737819
    113        0.72140251520374        0.10475394298927        0.11352843586783        0.00035813252901        0.00028334636971        0.00030717824122
    113       -0.72140251520375       -0.10475394298929       -0.11352843586785       -0.00035813252901       -0.00028334636971       -0.00030717824122
    114        0.72280749313677        0.10588305258464        0.11475252320102        0.00034326294752        0.00028103543284        0.00030467816004
    114       -0.72280749313679       -0.10588305258466       -0.11475252320104       -0.00034326294752       -0.00028103543284       -0.00030467816004
    115        0.72414861878391        0.10700222645196        0.11596586114817        0.00032626252135        0.00027839420737        0.00030182047373
    115       -0.72414861878392       -0.10700222645198       -0.11596586114819       -0.00032626252135       -0.00027839420737       -0.00030182047373
    116        0.72541759330756        0.10811020624361        0.11716708699084        0.00030725651962        0.00027545928061        0.00029864445416
    116       -0.72541759330758       -0.10811020624363       -0.11716708699086       -0.00030725651962       -0.00027545928061       -0.00029864445416
    117        0.72660667094085        0.10920590069685        0.11835501678142        0.00028639563080        0.00027226907914        0.00029519125557
    117       -0.72660667094086       -0.10920590069687       -0.11835501678144       -0.00028639563080       -0.00027226907914       -0.00029519125557
    118        0.72770875835397        0.11028835887672        0.11952861703542        0.00026384648678        0.00026885816283        0.00029149836512
    118       -0.72770875835399       -0.11028835887675       -0.11952861703544       -0.00026384648678       -0.00026885816283       -0.00029149836512
    119        0.72871744283508        0.11135676599951        0.12068700370241        0.00023977374038        0.00026526476482        0.00028760781150
    119       -0.72871744283510       -0.11135676599953       -0.12068700370243       -0.00023977374038       -0.00026526476482       -0.00028760781150
    120        0.72962694827698        0.11241047699531        0.12182947952740        0.00021433469971        0.00026152165380        0.00028355547329
    120       -0.72962694827700       -0.11241047699533       -0.12182947952742       -0.00021433469971       -0.00026152165380       -0.00028355547329
    121        0.73043212043276        0.11344893922990        0.12295544748875        0.00018768540803        0.00025763032820        0.00027934280524
    121       -0.73043212043278       -0.11344893922992       -0.12295544748877       -0.00018768540803       -0.00025763032820       -0.00027934280524
    122        0.73112843154126        0.11447151962088        0.12406422196934        0.00015997463585        0.00025355898047        0.00027493510359
    122       -0.73112843154128       -0.11447151962091       -0.12406422196936       -0.00015997463585       -0.00025355898047       -0.00027493510359
    123        0.73171191751954        0.11547741107366        0.12515492831750        0.00013133308227        0.00024926981208        0.00027029127629
    123       -0.73171191751956       -0.11547741107368       -0.12515492831752       -0.00013133308227       -0.00024926981208       -0.00027029127629
    124        0.73217909619944        0.11646567811753        0.12622655217967        0.00010187860092        0.00024474495246        0.00026539167479
    124       -0.73217909619946       -0.11646567811756       -0.12622655217969       -0.00010187860092       -0.00024474495246       -0.00026539167479
    125        0.73252694632690        0.11743537069333        0.12727806171580        0.00007172678966        0.00023999479923        0.00026024727572
    125       -0.73252694632692       -0.11743537069335       -0.12727806171582       -0.00007172678966       -0.00023999479923       -0.00026024727572
    126        0.73275291051670        0.11838563651140        0.12830853038544        0.00004099498810        0.00023505476358        0.00025489668555
    126       -0.73275291051672       -0.11838563651142       -0.12830853038547       -0.00004099498810       -0.00023505476358       -0.00025489668555
    127        0.73285490623168        0.11931580880199        0.12931723520018        0.00000980861983        0.00022997751394        0.00024939774424
    127       -0.73285490623170       -0.11931580880202       -0.12931723520020       -0.00000980861983       -0.00022997751394       -0.00024939774424
    128        0.73283137947536        0.12022545662293        0.13030371233933       -0.00002169487059        0.00022481814970        0.00024381064475
    128       -0.73283137947538       -0.12022545662296       -0.13030371233936        0.00002169487059       -0.00022481814970       -0.00024381064475
    129        0.73268134726693        0.12111435399959        0.13126772035819       -0.00005337645315        0.00021961380528        0.00023817535072
    129       -0.73268134726695       -0.12111435399962       -0.13126772035821        0.00005337645315       -0.00021961380528       -0.00023817535072
    130        0.73240436785018        0.12198236706520        0.13220911514509       -0.00008510784964        0.00021437515310        0.00023250309276
    130       -0.73240436785020       -0.12198236706523       -0.13220911514512        0.00008510784964       -0.00021437515310       -0.00023250309276
    131        0.73200048446980        0.12282935522441        0.13312774510023       -0.00011677347393        0.00020909642501        0.00022678776419
    131       -0.73200048446982       -0.12282935522444       -0.13312774510026        0.00011677347393       -0.00020909642501       -0.00022678776419
    132        0.73147018005870        0.12365513846525        0.13402341725865       -0.00014826858754        0.00020376791589        0.00022101875171
    132       -0.73147018005872       -0.12365513846528       -0.13402341725868        0.00014826858754       -0.00020376791589       -0.00022101875171
    133        0.73081433576951        0.12445949855153        0.13489589511389       -0.00017949403262        0.00019838700737        0.00021519252095
    133       -0.73081433576953       -0.12445949855156       -0.13489589511392        0.00017949403262       -0.00019838700737       -0.00021519252095
    134        0.73003422779774        0.12524223452423        0.13574495742627       -0.00021034557483        0.00019297192057        0.00020932848497
    134       -0.73003422779776       -0.12524223452426       -0.13574495742629        0.00021034557483       -0.00019297192057       -0.00020932848497
    135        0.72913157117084        0.12600327391610        0.13657052299364       -0.00024070863928        0.00018756187614        0.00020346965796
    135       -0.72913157117086       -0.12600327391612       -0.13657052299367        0.00024070863928       -0.00018756187614       -0.00020346965796
    136        0.72810855868352        0.12674272953334        0.13737271468994       -0.00027045804345        0.00018220317840        0.00019766677297
    136       -0.72810855868354       -0.12674272953337       -0.13737271468997        0.00027045804345       -0.00018220317840       -0.00019766677297
    137        0.72696790682322        0.12746089934326        0.13815185717741       -0.00029945191376        0.00017695064199        0.00019197923107
    137       -0.72696790682325       -0.12746089934329       -0.13815185717743        0.00029945191376       -0.00017695064199       -0.00019197923107
    138        0.72571294337347        0.12815833466928        0.13890854853846       -0.00032752983147        0.00017187636856        0.00018648486562
    138       -0.72571294337349       -0.12815833466931       -0.13890854853849        0.00032752983147       -0.00017187636856       -0.00018648486562
    139        0.72434766817148        0.12883591029172        0.13964373610236       -0.00035452624000        0.00016704877367        0.00018125772796
    139       -0.72434766817150       -0.12883591029175       -0.13964373610239        0.00035452624000       -0.00016704877367       -0.00018125772796
    140        0.72287673345349        0.12949472485862        0.14035861036213       -0.00038028328979        0.00016250201879        0.00017633523285
    140       -0.72287673345351       -0.12949472485865       -0.14035861036216        0.00038028328979       -0.00016250201879       -0.00017633523285
    141        0.72130540185313        0.13013592644205        0.14105441796518       -0.00040465339113        0.00015824337482        0.00017172572261
    141       -0.72130540185316       -0.13013592644208       -0.14105441796520        0.00040465339113       -0.00015824337482       -0.00017172572261
    142        0.71963950632441        0.13076067185716        0.14173241614304       -0.00042750337581        0.00015428254893        0.00016743960199
    142       -0.71963950632443       -0.13076067185719       -0.14173241614307        0.00042750337581       -0.00015428254893       -0.00016743960199
    143        0.71788537484661        0.13137018683351        0.14239393478110       -0.00044871901300        0.00015063813827        0.00016349654991
    143       -0.71788537484664       -0.13137018683354       -0.14239393478113        0.00044871901300       -0.00015063813827       -0.00016349654991
    144        0.71604975422043        0.13196577696331        0.14304038854235       -0.00046819869607        0.00014732163323        0.00015990877103
    144       -0.71604975422046       -0.13196577696334       -0.14304038854238        0.00046819869607       -0.00014732163323       -0.00015990877103
    145        0.71413978527804        0.13254875989938        0.14367320494937       -0.00048584560993        0.00014432481504        0.00015666731742
    145       -0.71413978527806       -0.13254875989941       -0.14367320494940        0.00048584560993       -0.00014432481504       -0.00015666731742
    146        0.71216298934095        0.13312037548365        0.14429372708170       -0.00050156949493        0.00014162619776        0.00015374902832
    146       -0.71216298934098       -0.13312037548368       -0.14429372708173        0.00050156949493       -0.00014162619776       -0.00015374902832
    147        0.71012722931857        0.13368176948145        0.14490319717595       -0.00051528729754        0.00013921793850        0.00015114578561
    147       -0.71012722931859       -0.13368176948148       -0.14490319717598        0.00051528729754       -0.00013921793850       -0.00015114578561
    148        0.70804069096062        0.13423411899163        0.14550289336656       -0.00052691570527        0.00013712555656        0.00014888539182
    148       -0.70804069096065       -0.13423411899166       -0.14550289336659        0.00052691570527       -0.00013712555656       -0.00014888539182
    149        0.70591190367642        0.13477877393394        0.14609428031049       -0.00053636986887        0.00013538774968        0.00014700936713
    149       -0.70591190367644       -0.13477877393397       -0.14609428031052        0.00053636986887       -0.00013538774968       -0.00014700936713
    150        0.70374973200963        0.13531722098910        0.14667896830357       -0.00054357655769        0.00013402164688        0.00014553585835
    150       -0.70374973200966       -0.13531722098913       -0.14667896830360        0.00054357655769       -0.00013402164688       -0.00014553585835
    151        0.70156329121491        0.13585094710894        0.14725856717732       -0.00054848544217        0.00013302668536        0.00014446431751
    151       -0.70156329121494       -0.13585094710897       -0.14725856717735        0.00054848544217       -0.00013302668536       -0.00014446431751
    152        0.69936184847224        0.13638143447201        0.14783468284368       -0.00055106489969        0.00013241576704        0.00014380926880
    152       -0.69936184847226       -0.13638143447205       -0.14783468284371        0.00055106489969       -0.00013241576704       -0.00014380926880
    153        0.69715477201741        0.13691027324527        0.14840904132769       -0.00055129643022        0.00013222222889        0.00014360765250
    153       -0.69715477201744       -0.13691027324531       -0.14840904132772        0.00055129643022       -0.00013222222889       -0.00014360765250
    154        0.69495147703051        0.13743921230311        0.14898354406369       -0.00054918014152        0.00013248298058        0.00014389969053
    154       -0.69495147703053       -0.13743921230314       -0.14898354406372        0.00054918014152       -0.00013248298058       -0.00014389969053
    155        0.69276133088523        0.13797013708991        0.14956023885190       -0.00054473387583        0.00013323032496        0.00014471944189
    155       -0.69276133088526       -0.13797013708995       -0.14956023885193        0.00054473387583       -0.00013323032496       -0.00014471944189
    156        0.69059360602386        0.13850505490276        0.15014129959879       -0.00053797782154        0.00013449031454        0.00014609414195
    156       -0.69059360602389       -0.13850505490279       -0.15014129959882        0.00053797782154       -0.00013449031454       -0.00014609414195
    157        0.68845750831287        0.13904605960620        0.15072899198751       -0.00052892942368        0.00013627556246        0.00014803755008
    157       -0.68845750831290       -0.13904605960623       -0.15072899198755        0.00052892942368       -0.00013627556246       -0.00014803755008
    158        0.68636217063442        0.13959525940243        0.15132559999947       -0.00051761351947        0.00013858310023        0.00015054706089
    158       -0.68636217063445       -0.13959525940246       -0.15132559999950        0.00051761351947       -0.00013858310023       -0.00015054706089
    159        0.68431660015708        0.14015472440801        0.15193336847466       -0.00050406227104        0.00014139713231        0.00015360605738
    159       -0.68431660015711       -0.14015472440805       -0.15193336847470        0.00050406227104       -0.00014139713231       -0.00015360605738
    160        0.68232967246609        0.14072643646089        0.15255444845851       -0.00048830732210        0.00014468725100        0.00015718211173
    160       -0.68232967246612       -0.14072643646093       -0.15255444845855        0.00048830732210       -0.00014468725100       -0.00015718211173
    161        0.68041014158026        0.14131222241603        0.15319082536852       -0.00047038372267        0.00014841904772        0.00016123805307
    161       -0.68041014158029       -0.14131222241607       -0.15319082536856        0.00047038372267       -0.00014841904772       -0.00016123805307
    162        0.67856660268476        0.14191378884262        0.15384435288310       -0.00045033482160        0.00015258415002        0.00016576410316
    162       -0.67856660268479       -0.14191378884266       -0.15384435288314        0.00045033482160       -0.00015258415002       -0.00016576410316
    163        0.67680746300744        0.14253289561618        0.15451693819379       -0.00042821014043        0.00015721064388        0.00017079000642
    163       -0.67680746300747       -0.14253289561622       -0.15451693819382        0.00042821014043       -0.00015721064388       -0.00017079000642
    164        0.67514092156132        0.14317147399364        0.15521067293450       -0.00040407419789        0.00016233103798        0.00017635109607
    164       -0.67514092156136       -0.14317147399368       -0.15521067293454        0.00040407419789       -0.00016233103798       -0.00017635109607
    165        0.67357486942429        0.14383154392002        0.15592774696236       -0.00037802511631        0.00016794263176        0.00018244487867
    165       -0.67357486942432       -0.14383154392006       -0.15592774696239        0.00037802511631       -0.00016794263176       -0.00018244487867
    166        0.67211672063086        0.14451501504772        0.15667023196384       -0.00035020587353        0.00017399478480        0.00018901644606
    166       -0.67211672063090       -0.14451501504776       -0.15667023196388        0.00035020587353       -0.00017399478480       -0.00018901644606
    167        0.67077322243608        0.14522350219841        0.15743987853085       -0.00032081004202        0.00018040144578        0.00019597207879
    167       -0.67077322243612       -0.14522350219845       -0.15743987853089        0.00032081004202       -0.00018040144578       -0.00019597207879
    168        0.66955024029471        0.14595822661398        0.15823800859412       -0.00029007997533        0.00018706999249        0.00020321140599
    168       -0.66955024029474       -0.14595822661402       -0.15823800859416        0.00029007997533       -0.00018706999249       -0.00020321140599
    169        0.66845258263344        0.14672006213835        0.15906556977874       -0.00025828600759        0.00019393523222        0.00021066461505
    169       -0.66845258263348       -0.14672006213840       -0.15906556977878        0.00025828600759       -0.00019393523222       -0.00021066461505
    170        0.66748395223396        0.14750970847177        0.15992332551449       -0.00022569931561        0.00020097381862        0.00021830684570
    170       -0.66748395223399       -0.14750970847181       -0.15992332551452        0.00022569931561       -0.00020097381862       -0.00021830684570
    171        0.66664698810853        0.14832785268729        0.16081202454435       -0.00019257521781        0.00020818626801        0.00022613807257
    171       -0.66664698810856       -0.14832785268734       -0.16081202454439        0.00019257521781       -0.00020818626801       -0.00022613807257
    172        0.66594335049147        0.14917519861582        0.16173243009507       -0.00015914200242        0.00021556559533        0.00023415058174
    172       -0.66594335049150       -0.14917519861586       -0.16173243009511        0.00015914200242       -0.00021556559533       -0.00023415058174
    173        0.66537385208914        0.15005237744994        0.16268522919831       -0.00012559626495        0.00022307951491        0.00024230997744
    173       -0.66537385208917       -0.15005237744998       -0.16268522919835        0.00012559626495       -0.00022307951491       -0.00024230997744
    174        0.66493858037186        0.15095983473508        0.16367090991459       -0.00009211136889        0.00023067387245        0.00025055696703
    174       -0.66493858037190       -0.15095983473513       -0.16367090991463        0.00009211136889       -0.00023067387245       -0.00025055696703
    175        0.66463696113801        0.15189776842953        0.16468968493454       -0.00005884755015        0.00023828794524        0.00025882415438
    175       -0.66463696113804       -0.15189776842958       -0.16468968493458        0.00005884755015       -0.00023828794524       -0.00025882415438
    176        0.66446779997063        0.15286613829698        0.16574150314967       -0.00002595496107        0.00024587067913        0.00026705612215
    176       -0.66446779997067       -0.15286613829703       -0.16574150314971        0.00002595496107       -0.00024587067913       -0.00026705612215
    177        0.66442932144947        0.15386473386254        0.16682613391176        0.00000642442019        0.00025338962072        0.00027521895736
    177       -0.66442932144951       -0.15386473386259       -0.16682613391180       -0.00000642442019       -0.00025338962072       -0.00027521895736
    178        0.66451919533212        0.15489325526274        0.16794325480856        0.00003815330135        0.00026082477837        0.00028329149241
    178       -0.66451919533216       -0.15489325526279       -0.16794325480861       -0.00003815330135       -0.00026082477837       -0.00028329149241
    179        0.66473454786029        0.15595133208954        0.16909246585108        0.00006908911854        0.00026814944710        0.00029124460878
    179       -0.66473454786033       -0.15595133208958       -0.16909246585112       -0.00006908911854       -0.00026814944710       -0.00029124460878
    180        0.66507190828044        0.15703845083958        0.17027321167879        0.00009906547197        0.00027531370521        0.00029902433415
    180       -0.66507190828048       -0.15703845083963       -0.17027321167883       -0.00009906547197       -0.00027531370521       -0.00029902433415
    181        0.66552707163604        0.15815384173124        0.17148466052427        0.00012788401580        0.00028224075558        0.00030654753452
    181       -0.66552707163607       -0.15815384173129       -0.17148466052432       -0.00012788401580       -0.00028224075558       -0.00030654753452
    182        0.66609498040685        0.15929637688420        0.17272559195495        0.00015532626298        0.00028883330132        0.00031370875974
    182       -0.66609498040689       -0.15929637688425       -0.17272559195500       -0.00015532626298       -0.00028883330132       -0.00031370875974
    183        0.66676968173990        0.16046450814180        0.17399433060223        0.00018116710234        0.00029499014857        0.00032039841465
    183       -0.66676968173994       -0.16046450814185       -0.17399433060227       -0.00018116710234       -0.00029499014857       -0.00032039841465
    184        0.66754431722554        0.16165629807274        0.17528877927215        0.00020518609845        0.00030063252064        0.00032653041345
    184       -0.66754431722558       -0.16165629807279       -0.17528877927219       -0.00020518609845       -0.00030063252064       -0.00032653041345
    185        0.66841117052750        0.16286956830688        0.17660657390980        0.00022718743777        0.00030572352701        0.00033206356564
    185       -0.66841117052754       -0.16286956830694       -0.17660657390985       -0.00022718743777       -0.00030572352701       -0.00033206356564
    186        0.66936181672769        0.16410208628883        0.17794528779728        0.00024701955538        0.00031026564252        0.00033700080431
    186       -0.66936181672774       -0.16410208628888       -0.17794528779733       -0.00024701955538       -0.00031026564252       -0.00033700080431
    187        0.67038732697057        0.16535169344704        0.17930258034431        0.00026458692978        0.00031428460943        0.00034137145823
    187       -0.67038732697061       -0.16535169344709       -0.17930258034436       -0.00026458692978       -0.00031428460943       -0.00034137145823
    188        0.67147851216594        0.16661636316425        0.18067625946312        0.00027985903059        0.00031781602933        0.00034521424078
    188       -0.67147851216598       -0.16661636316430       -0.18067625946317       -0.00027985903059       -0.00031781602933       -0.00034521424078
    189        0.67262619921529        0.16789422168167        0.18206429427052        0.00029286155316        0.00032089618086        0.00034856730734
    189       -0.67262619921534       -0.16789422168172       -0.18206429427056       -0.00029286155316       -0.00032089618086       -0.00034856730734
    190        0.67382140459122        0.16918353261112        0.18346479792188        0.00030363924768        0.00032355046469        0.00035145801844
    190       -0.67382140459127       -0.16918353261117       -0.18346479792193       -0.00030363924768       -0.00032355046469       -0.00035145801844
    191        0.67505531319675        0.17048262539918        0.18487595841804        0.00031222107137        0.00032578140598        0.00035389011994
    191       -0.67505531319680       -0.17048262539924       -0.18487595841808       -0.00031222107137       -0.00032578140598       -0.00035389011994
    192        0.67631917316216        0.17178978385895        0.18629591888140        0.00031861475790        0.00032756442932        0.00035583733486
    192       -0.67631917316220       -0.17178978385900       -0.18629591888145       -0.00031861475790       -0.00032756442932       -0.00035583733486
    193        0.67760423125999        0.17310314083374        0.18772265709695        0.00032281804166        0.00032885180899        0.00035724715376
    193       -0.67760423126004       -0.17310314083379       -0.18772265709700       -0.00032281804166       -0.00032885180899       -0.00035724715376
    194        0.67890171749542        0.17442059833084        0.18915389611152        0.00032482514333        0.00032957945311        0.00035804930076
    194       -0.67890171749547       -0.17442059833090       -0.18915389611157       -0.00032482514333       -0.00032957945311       -0.00035804930076
    195        0.68020283240663        0.17573977645858        0.19058705150301        0.00032461980117        0.00032967928450        0.00035816996766
    195       -0.68020283240668       -0.17573977645864       -0.19058705150306       -0.00032461980117       -0.00032967928450       -0.00035816996767
    196        0.68149867590476        0.17705803260685        0.19201925585284        0.00032216547659        0.00032910110104        0.00035755537661
    196       -0.68149867590480       -0.17705803260691       -0.19201925585289       -0.00032216547659       -0.00032910110104       -0.00035755537661
    197        0.68278015621932        0.17837258526691        0.19344749451591        0.00031742107556        0.00032783154331        0.00035619157716
    197       -0.68278015621937       -0.17837258526696       -0.19344749451596       -0.00031742107556       -0.00032783154331       -0.00035619157716
    198        0.68403804450920        0.17968068495333        0.19486878847013        0.00031037809861        0.00032589178614        0.00035410123971
    198       -0.68403804450925       -0.17968068495339       -0.19486878847018       -0.00031037809861       -0.00032589178614       -0.00035410123971
    199        0.68526318100820        0.18097971955602        0.19628030443355        0.00030107265023        0.00032331497634        0.00035131944877
    199       -0.68526318100825       -0.18097971955608       -0.19628030443361       -0.00030107265023       -0.00032331497634       -0.00035131944877
    200        0.68644662571102        0.18226720476406        0.19767934406028        0.00028956645583        0.00032012625170        0.00034787296226
    200       -0.68644662571107       -0.18226720476412       -0.19767934406034       -0.00028956645583       -0.00032012625170       -0.00034787296226
