         1  0.00000017   52.117     -1.1324696811     -1.1322221156     -1.1322219436   0.330558E-05     0.09
         2  0.00000224   54.708     -1.1324839110     -1.1322240366     -1.1322218009   0.134736E-04     0.09
         3  0.00000825   57.706     -1.1325042140     -1.1322300987     -1.1322218468   0.309035E-04     0.09
         4  0.00001793   61.073     -1.1325300125     -1.1322399019     -1.1322219697   0.560575E-04     0.09
         5  0.00003003   64.715     -1.1325594855     -1.1322520739     -1.1322220466   0.894929E-04     0.10
         6  0.00004405   68.454     -1.1325913408     -1.1322661711     -1.1322221246   0.131850E-03     0.09
         7  0.00005981   72.069     -1.1326243510     -1.1322820061     -1.1322221949   0.183788E-03     0.10
         8  0.00007714   75.379     -1.1326574333     -1.1322993649     -1.1322222272   0.245916E-03     0.09
         9  0.00009584   78.293     -1.1326900133     -1.1323181042     -1.1322222659   0.318747E-03     0.09
        10  0.00011526   80.815     -1.1327214641     -1.1323375739     -1.1322223154   0.402706E-03     0.09
        11  0.00013439   83.002     -1.1327510208     -1.1323567431     -1.1322223494   0.498151E-03     0.09
        12  0.00015241   84.904     -1.1327781054     -1.1323747935     -1.1322223866   0.605394E-03     0.09
        13  0.00016863   86.533     -1.1328021124     -1.1323910601     -1.1322224263   0.724682E-03     0.09
        14  0.00018258   87.868     -1.1328224187     -1.1324050249     -1.1322224484   0.856176E-03     0.09
        15  0.00019399   88.875     -1.1328386359     -1.1324164609     -1.1322224672   0.999930E-03     0.09
        16  0.00020270   89.524     -1.1328504455     -1.1324251874     -1.1322224847   0.115588E-02     0.09
        17  0.00020856   89.790     -1.1328575696     -1.1324310479     -1.1322224868   0.132387E-02     0.09
        18  0.00021165   89.640     -1.1328599432     -1.1324341334     -1.1322224850   0.150360E-02     0.09
        19  0.00021218   89.031     -1.1328575774     -1.1324346607     -1.1322224817   0.169465E-02     0.09
        20  0.00021041   87.921     -1.1328505238     -1.1324328801     -1.1322224656   0.189641E-02     0.09
        21  0.00020668   86.288     -1.1328390127     -1.1324291236     -1.1322224456   0.210809E-02     0.09
        22  0.00020122   84.144     -1.1328233464     -1.1324236448     -1.1322224245   0.232874E-02     0.09
        23  0.00019421   81.525     -1.1328038622     -1.1324165992     -1.1322223931   0.255726E-02     0.09
        24  0.00018585   78.487     -1.1327810429     -1.1324082137     -1.1322223588   0.279246E-02     0.10
        25  0.00017641   75.089     -1.1327554242     -1.1323987368     -1.1322223250   0.303301E-02     0.09
        26  0.00016611   71.398     -1.1327275500     -1.1323883918     -1.1322222840   0.327752E-02     0.09
        27  0.00015520   67.496     -1.1326980622     -1.1323774393     -1.1322222423   0.352453E-02     0.09
        28  0.00014389   63.477     -1.1326676198     -1.1323660900     -1.1322222032   0.377254E-02     0.09
        29  0.00013233   59.442     -1.1326368534     -1.1323544924     -1.1322221602   0.402007E-02     0.09
        30  0.00012074   55.488     -1.1326064426     -1.1323428627     -1.1322221187   0.426570E-02     0.09
        31  0.00010937   51.702     -1.1325770466     -1.1323314509     -1.1322220819   0.450807E-02     0.09
        32  0.00009845   48.159     -1.1325492604     -1.1323204926     -1.1322220441   0.474588E-02     0.09
        33  0.00008824   44.931     -1.1325236840     -1.1323102524     -1.1322220096   0.497794E-02     0.09
        34  0.00007897   42.085     -1.1325008653     -1.1323009540     -1.1322219817   0.520314E-02     0.09
        35  0.00007080   39.684     -1.1324812589     -1.1322927533     -1.1322219549   0.542055E-02     0.10
        36  0.00006390   37.779     -1.1324652894     -1.1322858317     -1.1322219329   0.562938E-02     0.10
        37  0.00005845   36.407     -1.1324533059     -1.1322803667     -1.1322219187   0.582901E-02     0.10
        38  0.00005458   35.589     -1.1324455429     -1.1322764859     -1.1322219071   0.601898E-02     0.11
        39  0.00005240   35.341     -1.1324421822     -1.1322743053     -1.1322219011   0.619898E-02     0.10
        40  0.00005198   35.669     -1.1324433166     -1.1322738829     -1.1322219033   0.636889E-02     0.09
        41  0.00005328   36.571     -1.1324489162     -1.1322751936     -1.1322219089   0.652877E-02     0.10
        42  0.00005629   38.036     -1.1324588878     -1.1322782098     -1.1322219200   0.667887E-02     0.10
        43  0.00006095   40.032     -1.1324730498     -1.1322828871     -1.1322219391   0.681965E-02     0.09
        44  0.00006716   42.519     -1.1324911027     -1.1322891259     -1.1322219613   0.695171E-02     0.09
        45  0.00007482   45.446     -1.1325126885     -1.1322968114     -1.1322219880   0.707580E-02     0.09
        46  0.00008376   48.754     -1.1325373761     -1.1323057860     -1.1322220214   0.719285E-02     0.09
        47  0.00009377   52.378     -1.1325646359     -1.1323158271     -1.1322220569   0.730389E-02     0.10
        48  0.00010462   56.246     -1.1325938989     -1.1323267156     -1.1322220951   0.741013E-02     0.09
        49  0.00011610   60.275     -1.1326245525     -1.1323382332     -1.1322221379   0.751287E-02     0.09
        50  0.00012795   64.374     -1.1326559181     -1.1323501261     -1.1322221809   0.761348E-02     0.09
        51  0.00013992   68.453     -1.1326873103     -1.1323621420     -1.1322222239   0.771340E-02     0.09
        52  0.00015175   72.422     -1.1327180416     -1.1323740192     -1.1322222689   0.781407E-02     0.09
        53  0.00016315   76.194     -1.1327474026     -1.1323854627     -1.1322223117   0.791698E-02     0.09
        54  0.00017385   79.684     -1.1327747161     -1.1323961998     -1.1322223514   0.802360E-02     0.09
        55  0.00018360   82.809     -1.1327993509     -1.1324059907     -1.1322223898   0.813538E-02     0.09
        56  0.00019217   85.493     -1.1328207061     -1.1324145974     -1.1322224234   0.825370E-02     0.09
        57  0.00019936   87.669     -1.1328382538     -1.1324218069     -1.1322224515   0.837985E-02     0.09
        58  0.00020496   89.285     -1.1328515539     -1.1324274318     -1.1322224754   0.851501E-02     0.09
        59  0.00020880   90.300     -1.1328602380     -1.1324312911     -1.1322224937   0.866024E-02     0.09
        60  0.00021072   90.690     -1.1328640251     -1.1324332283     -1.1322225060   0.881650E-02     0.09
        61  0.00021061   90.440     -1.1328627332     -1.1324331229     -1.1322225100   0.898459E-02     0.09
        62  0.00020842   89.553     -1.1328563150     -1.1324309185     -1.1322225020   0.916517E-02     0.09
        63  0.00020418   88.047     -1.1328449072     -1.1324266627     -1.1322224848   0.935871E-02     0.09
        64  0.00019800   85.960     -1.1328287934     -1.1324204655     -1.1322224609   0.956555E-02     0.09
        65  0.00019005   83.343     -1.1328083726     -1.1324124738     -1.1322224263   0.978586E-02     0.09
        66  0.00018055   80.265     -1.1327842069     -1.1324029309     -1.1322223822   0.100197E-01     0.09
        67  0.00016984   76.803     -1.1327570047     -1.1323921716     -1.1322223331   0.102670E-01     0.09
        68  0.00015829   73.047     -1.1327275584     -1.1323805668     -1.1322222796   0.105275E-01     0.10
        69  0.00014628   69.095     -1.1326967243     -1.1323685073     -1.1322222261   0.108009E-01     0.09
        70  0.00013417   65.052     -1.1326653575     -1.1323563471     -1.1322221772   0.110868E-01     0.09
        71  0.00012222   61.027     -1.1326342448     -1.1323443515     -1.1322221312   0.113849E-01     0.09
        72  0.00011065   57.131     -1.1326041235     -1.1323327365     -1.1322220881   0.116945E-01     0.09
        73  0.00009964   53.470     -1.1325756808     -1.1323216887     -1.1322220493   0.120153E-01     0.09
        74  0.00008936   50.140     -1.1325495427     -1.1323113674     -1.1322220109   0.123468E-01     0.09
        75  0.00007999   47.232     -1.1325263221     -1.1323019614     -1.1322219733   0.126885E-01     0.10
        76  0.00007175   44.824     -1.1325066143     -1.1322936914     -1.1322219404   0.130401E-01     0.09
        77  0.00006486   42.982     -1.1324909465     -1.1322867708     -1.1322219111   0.134011E-01     0.09
        78  0.00005954   41.758     -1.1324797866     -1.1322814289     -1.1322218868   0.137715E-01     0.09
        79  0.00005602   41.181     -1.1324735165     -1.1322778971     -1.1322218726   0.141510E-01     0.09
        80  0.00005448   41.265     -1.1324723655     -1.1322763461     -1.1322218676   0.145397E-01     0.09
        81  0.00005502   42.004     -1.1324764160     -1.1322768878     -1.1322218713   0.149376E-01     0.09
        82  0.00005769   43.374     -1.1324856073     -1.1322795710     -1.1322218856   0.153448E-01     0.09
        83  0.00006245   45.337     -1.1324997163     -1.1322843570     -1.1322219074   0.157617E-01     0.09
        84  0.00006922   47.838     -1.1325183961     -1.1322911570     -1.1322219372   0.161885E-01     0.09
        85  0.00007784   50.807     -1.1325411665     -1.1322998208     -1.1322219801   0.166258E-01     0.09
        86  0.00008803   54.163     -1.1325673487     -1.1323100626     -1.1322220316   0.170739E-01     0.09
        87  0.00009943   57.813     -1.1325961316     -1.1323215092     -1.1322220818   0.175334E-01     0.09
        88  0.00011170   61.658     -1.1326267144     -1.1323338245     -1.1322221279   0.180048E-01     0.09
        89  0.00012458   65.600     -1.1326583592     -1.1323467460     -1.1322221706   0.184886E-01     0.10
        90  0.00013785   69.536     -1.1326903791     -1.1323600657     -1.1322222134   0.189852E-01     0.10
        91  0.00015130   73.368     -1.1327220808     -1.1323735666     -1.1322222623   0.194950E-01     0.09
        92  0.00016461   76.997     -1.1327526781     -1.1323869264     -1.1322223176   0.200185E-01     0.09
        93  0.00017732   80.331     -1.1327812871     -1.1323996963     -1.1322223741   0.205558E-01     0.09
        94  0.00018893   83.289     -1.1328070027     -1.1324113608     -1.1322224265   0.211070E-01     0.09
        95  0.00019895   85.800     -1.1328289851     -1.1324214141     -1.1322224686   0.216722E-01     0.09
        96  0.00020695   87.807     -1.1328465545     -1.1324294522     -1.1322224974   0.222511E-01     0.09
        97  0.00021271   89.263     -1.1328592371     -1.1324352202     -1.1322225151   0.228435E-01     0.09
        98  0.00021606   90.133     -1.1328667375     -1.1324385839     -1.1322225221   0.234488E-01     0.09
        99  0.00021700   90.399     -1.1328689341     -1.1324395180     -1.1322225174   0.240665E-01     0.09
       100  0.00021560   90.054     -1.1328658855     -1.1324381074     -1.1322225046   0.246956E-01     0.09
       101  0.00021201   89.109     -1.1328577818     -1.1324344961     -1.1322224861   0.253352E-01     0.09
       102  0.00020640   87.586     -1.1328449078     -1.1324288563     -1.1322224606   0.259842E-01     0.10
       103  0.00019899   85.521     -1.1328276619     -1.1324214161     -1.1322224275   0.266412E-01     0.09
       104  0.00019008   82.962     -1.1328065597     -1.1324124705     -1.1322223901   0.273049E-01     0.09
       105  0.00017998   79.965     -1.1327821826     -1.1324023331     -1.1322223541   0.279737E-01     0.10
       106  0.00016894   76.594     -1.1327550961     -1.1323912566     -1.1322223209   0.286460E-01     0.10
       107  0.00015714   72.925     -1.1327258329     -1.1323794209     -1.1322222830   0.293200E-01     0.09
       108  0.00014481   69.039     -1.1326950005     -1.1323670485     -1.1322222340   0.299941E-01     0.09
       109  0.00013233   65.021     -1.1326633716     -1.1323545057     -1.1322221793   0.306664E-01     0.09
       110  0.00012011   60.959     -1.1326318067     -1.1323422360     -1.1322221297   0.313351E-01     0.09
       111  0.00010851   56.942     -1.1326010899     -1.1323306041     -1.1322220920   0.319985E-01     0.09
       112  0.00009773   53.055     -1.1325718240     -1.1323197998     -1.1322220651   0.326549E-01     0.09
       113  0.00008782   49.384     -1.1325444468     -1.1323098616     -1.1322220415   0.333026E-01     0.09
       114  0.00007878   46.008     -1.1325193419     -1.1323007950     -1.1322220149   0.339401E-01     0.09
       115  0.00007069   43.000     -1.1324969363     -1.1322926752     -1.1322219848   0.345659E-01     0.09
       116  0.00006371   40.430     -1.1324777087     -1.1322856593     -1.1322219541   0.351788E-01     0.09
       117  0.00005802   38.356     -1.1324621480     -1.1322799490     -1.1322219263   0.357776E-01     0.09
       118  0.00005384   36.831     -1.1324506959     -1.1322757401     -1.1322219050   0.363615E-01     0.09
       119  0.00005128   35.897     -1.1324436915     -1.1322731743     -1.1322218917   0.369298E-01     0.09
       120  0.00005044   35.583     -1.1324413497     -1.1322723239     -1.1322218861   0.374818E-01     0.09
       121  0.00005130   35.907     -1.1324437582     -1.1322731919     -1.1322218891   0.380173E-01     0.09
       122  0.00005381   36.875     -1.1324508706     -1.1322757052     -1.1322219000   0.385363E-01     0.09
       123  0.00005781   38.480     -1.1324625138     -1.1322797239     -1.1322219169   0.390388E-01     0.09
       124  0.00006314   40.701     -1.1324784189     -1.1322850798     -1.1322219380   0.395254E-01     0.09
       125  0.00006965   43.500     -1.1324982472     -1.1322916133     -1.1322219638   0.399968E-01     0.09
       126  0.00007718   46.820     -1.1325215830     -1.1322991793     -1.1322219953   0.404538E-01     0.09
       127  0.00008561   50.583     -1.1325479260     -1.1323076437     -1.1322220296   0.408977E-01     0.08
       128  0.00009485   54.695     -1.1325767281     -1.1323169142     -1.1322220655   0.413299E-01     0.09
       129  0.00010483   59.044     -1.1326074088     -1.1323269383     -1.1322221073   0.417521E-01     0.09
       130  0.00011547   63.508     -1.1326393009     -1.1323376255     -1.1322221537   0.421660E-01     0.09
       131  0.00012664   67.961     -1.1326716716     -1.1323488427     -1.1322221987   0.425734E-01     0.09
       132  0.00013822   72.278     -1.1327037970     -1.1323604625     -1.1322222472   0.429762E-01     0.09
       133  0.00014998   76.338     -1.1327349006     -1.1323722777     -1.1322223024   0.433764E-01     0.09
       134  0.00016159   80.033     -1.1327641201     -1.1323839444     -1.1322223515   0.437758E-01     0.09
       135  0.00017275   83.269     -1.1327906843     -1.1323951378     -1.1322223884   0.441764E-01     0.09
       136  0.00018320   85.970     -1.1328139997     -1.1324056213     -1.1322224224   0.445799E-01     0.09
       137  0.00019266   88.083     -1.1328335319     -1.1324151176     -1.1322224541   0.449881E-01     0.09
       138  0.00020082   89.575     -1.1328487945     -1.1324232920     -1.1322224760   0.454026E-01     0.09
       139  0.00020737   90.436     -1.1328594508     -1.1324298591     -1.1322224856   0.458249E-01     0.09
       140  0.00021216   90.674     -1.1328653617     -1.1324346415     -1.1322224809   0.462565E-01     0.10
       141  0.00021514   90.311     -1.1328666082     -1.1324376093     -1.1322224691   0.466987E-01     0.10
       142  0.00021631   89.384     -1.1328633688     -1.1324387762     -1.1322224686   0.471527E-01     0.09
       143  0.00021549   87.933     -1.1328556660     -1.1324379627     -1.1322224765   0.476196E-01     0.09
       144  0.00021238   86.008     -1.1328434087     -1.1324348512     -1.1322224721   0.481005E-01     0.10
       145  0.00020682   83.659     -1.1328266758     -1.1324292775     -1.1322224559   0.485963E-01     0.10
       146  0.00019881   80.939     -1.1328057246     -1.1324212441     -1.1322224373   0.491078E-01     0.10
       147  0.00018840   77.906     -1.1327808750     -1.1324108063     -1.1322224048   0.496358E-01     0.09
       148  0.00017588   74.615     -1.1327526664     -1.1323982268     -1.1322223488   0.501808E-01     0.10
       149  0.00016181   71.131     -1.1327219817     -1.1323840945     -1.1322222857   0.507434E-01     0.10
       150  0.00014685   67.519     -1.1326898166     -1.1323690848     -1.1322222332   0.513240E-01     0.09
       151  0.00013151   63.855     -1.1326570207     -1.1323536956     -1.1322221866   0.519229E-01     0.10
       152  0.00011618   60.218     -1.1326243600     -1.1323383114     -1.1322221295   0.525404E-01     0.10
       153  0.00010139   56.693     -1.1325927506     -1.1323234455     -1.1322220596   0.531766E-01     0.10
       154  0.00008779   53.368     -1.1325632913     -1.1323097837     -1.1322219947   0.538316E-01     0.09
       155  0.00007598   50.328     -1.1325370017     -1.1322979348     -1.1322219518   0.545054E-01     0.10
       156  0.00006626   47.657     -1.1325145682     -1.1322881868     -1.1322219306   0.551980E-01     0.10
       157  0.00005860   45.434     -1.1324963390     -1.1322805153     -1.1322219198   0.559094E-01     0.09
       158  0.00005287   43.729     -1.1324824994     -1.1322747767     -1.1322219063   0.566394E-01     0.09
       159  0.00004904   42.596     -1.1324732690     -1.1322709263     -1.1322218851   0.573880E-01     0.10
       160  0.00004725   42.075     -1.1324689786     -1.1322691123     -1.1322218627   0.581552E-01     0.09
       161  0.00004774   42.185     -1.1324699764     -1.1322695904     -1.1322218480   0.589409E-01     0.09
       162  0.00005074   42.925     -1.1324764930     -1.1322725874     -1.1322218465   0.597452E-01     0.09
       163  0.00005634   44.281     -1.1324885480     -1.1322782026     -1.1322218632   0.605679E-01     0.09
       164  0.00006443   46.219     -1.1325058763     -1.1322863274     -1.1322218972   0.614093E-01     0.10
       165  0.00007472   48.689     -1.1325279440     -1.1322966599     -1.1322219419   0.622694E-01     0.09
       166  0.00008680   51.629     -1.1325540381     -1.1323087910     -1.1322219957   0.631483E-01     0.09
       167  0.00010018   54.959     -1.1325833024     -1.1323222346     -1.1322220556   0.640461E-01     0.09
       168  0.00011435   58.591     -1.1326147882     -1.1323364682     -1.1322221149   0.649629E-01     0.09
       169  0.00012884   62.425     -1.1326475456     -1.1323510136     -1.1322221745   0.658989E-01     0.09
       170  0.00014319   66.354     -1.1326806210     -1.1323654230     -1.1322222342   0.668541E-01     0.10
       171  0.00015699   70.268     -1.1327130696     -1.1323792792     -1.1322222856   0.678283E-01     0.09
       172  0.00016995   74.055     -1.1327440636     -1.1323922843     -1.1322223308   0.688214E-01     0.10
       173  0.00018183   77.609     -1.1327728672     -1.1324042079     -1.1322223769   0.698327E-01     0.09
       174  0.00019235   80.834     -1.1327987463     -1.1324147647     -1.1322224171   0.708618E-01     0.09
       175  0.00020123   83.655     -1.1328210548     -1.1324236757     -1.1322224472   0.719079E-01     0.09
       176  0.00020824   86.013     -1.1328392927     -1.1324307114     -1.1322224736   0.729702E-01     0.09
       177  0.00021313   87.872     -1.1328530330     -1.1324356227     -1.1322224907   0.740476E-01     0.09
       178  0.00021574   89.210     -1.1328619981     -1.1324382289     -1.1322224922   0.751394E-01     0.09
       179  0.00021602   90.022     -1.1328661352     -1.1324385119     -1.1322224916   0.762445E-01     0.09
       180  0.00021395   90.308     -1.1328654335     -1.1324364499     -1.1322224957   0.773620E-01     0.09
       181  0.00020945   90.078     -1.1328598312     -1.1324319403     -1.1322224911   0.784910E-01     0.09
       182  0.00020252   89.343     -1.1328493961     -1.1324249960     -1.1322224723   0.796302E-01     0.09
       183  0.00019340   88.115     -1.1328344118     -1.1324158454     -1.1322224451   0.807785E-01     0.09
       184  0.00018245   86.404     -1.1328153013     -1.1324048633     -1.1322224116   0.819342E-01     0.09
       185  0.00017016   84.219     -1.1327925883     -1.1323925301     -1.1322223742   0.830955E-01     0.09
       186  0.00015704   81.571     -1.1327668611     -1.1323793789     -1.1322223342   0.842602E-01     0.09
       187  0.00014367   78.481     -1.1327387595     -1.1323659579     -1.1322222852   0.854257E-01     0.10
       188  0.00013065   74.980     -1.1327090569     -1.1323528838     -1.1322222308   0.865893E-01     0.09
       189  0.00011857   71.121     -1.1326785961     -1.1323407545     -1.1322221888   0.877478E-01     0.09
       190  0.00010772   66.976     -1.1326480391     -1.1323298861     -1.1322221634   0.888979E-01     0.09
       191  0.00009811   62.640     -1.1326178025     -1.1323202467     -1.1322221415   0.900364E-01     0.09
       192  0.00008954   58.227     -1.1325882429     -1.1323116515     -1.1322221134   0.911599E-01     0.09
       193  0.00008187   53.865     -1.1325598116     -1.1323039398     -1.1322220747   0.922654E-01     0.09
       194  0.00007505   49.692     -1.1325331291     -1.1322970808     -1.1322220259   0.933500E-01     0.09
       195  0.00006921   45.844     -1.1325089591     -1.1322911884     -1.1322219821   0.944111E-01     0.09
       196  0.00006439   42.449     -1.1324879920     -1.1322863475     -1.1322219538   0.954464E-01     0.09
       197  0.00006057   39.617     -1.1324706955     -1.1322825039     -1.1322219301   0.964543E-01     0.09
       198  0.00005773   37.434     -1.1324574585     -1.1322796377     -1.1322219046   0.974334E-01     0.09
       199  0.00005597   35.959     -1.1324486719     -1.1322778598     -1.1322218923   0.983829E-01     0.09
       200  0.00005532   35.222     -1.1324445283     -1.1322772159     -1.1322218985   0.993023E-01     0.09
