      1        0.70145447930956        0.00120775259721        0.00130877731066        0.00009622821376        0.00024022662809        0.00026032083142
      1       -0.70145447930956       -0.00120775259721       -0.00130877731066       -0.00009622821376       -0.00024022662809       -0.00026032083142
      2        0.70205067443206        0.00240226628089        0.00260320831424        0.00014041158615        0.00023660332923        0.00025639445500
      2       -0.70205067443206       -0.00240226628089       -0.00260320831424       -0.00014041158615       -0.00023660332923       -0.00025639445500
      3        0.70285859517102        0.00357378588952        0.00387272186070        0.00018051281775        0.00023157462539        0.00025094511598
      3       -0.70285859517102       -0.00357378588952       -0.00387272186070       -0.00018051281775       -0.00023157462539       -0.00025094511598
      4        0.70385580260959        0.00471801253478        0.00511265947407        0.00021593554907        0.00022621179387        0.00024513370086
      4       -0.70385580260959       -0.00471801253478       -0.00511265947407       -0.00021593554907       -0.00022621179387       -0.00024513370086
      5        0.70501795066172        0.00583590382823        0.00632405886931        0.00024646271651        0.00022138259650        0.00023990055726
      5       -0.70501795066172       -0.00583590382823       -0.00632405886931       -0.00024646271651       -0.00022138259650       -0.00023990055726
      6        0.70632042977472        0.00693183849974        0.00751166504666        0.00027215400917        0.00021754837067        0.00023574561218
      6       -0.70632042977472       -0.00693183849974       -0.00751166504666       -0.00027215400917       -0.00021754837067       -0.00023574561218
      7        0.70773949075344        0.00801138753489        0.00868151499112        0.00029326324726        0.00021479524947        0.00023276220360
      7       -0.70773949075344       -0.00801138753489       -0.00868151499112       -0.00029326324726       -0.00021479524947       -0.00023276220360
      8        0.70925306224732        0.00907979099446        0.00983928708263        0.00031019550302        0.00021301003763        0.00023082766804
      8       -0.70925306224732       -0.00907979099446       -0.00983928708263       -0.00031019550302       -0.00021301003763       -0.00023082766804
      9        0.71084144578368        0.01014148791117        0.01098979167153        0.00032348176212        0.00021205085590        0.00022978825908
      9       -0.71084144578368       -0.01014148791117       -0.01098979167153       -0.00032348176212       -0.00021205085590       -0.00022978825908
     10        0.71248787986848        0.01120029955347        0.01213716967347        0.00033373616316        0.00021181344212        0.00022953099406
     10       -0.71248787986848       -0.01120029955347       -0.01213716967347       -0.00033373616316       -0.00021181344212       -0.00022953099406
     11        0.71417880741529        0.01225962233238        0.01328510161210        0.00034158155366        0.00021219871767        0.00022994850716
     11       -0.71417880741529       -0.01225962233238       -0.01328510161210       -0.00034158155366       -0.00021219871767       -0.00022994850716
     12        0.71590369540505        0.01332228673012        0.01443665474504        0.00034756154047        0.00021305930175        0.00023088108965
     12       -0.71590369540505       -0.01332228673012       -0.01443665474504       -0.00034756154047       -0.00021305930175       -0.00023088108965
     13        0.71765442281996        0.01439021534988        0.01559391250861        0.00035207387207        0.00021419569037        0.00023211254954
     13       -0.71765442281996       -0.01439021534988       -0.01559391250861       -0.00035207387207       -0.00021419569037       -0.00023211254954
     14        0.71942443412574        0.01546424363386        0.01675778024041        0.00035534947998        0.00021540976742        0.00023342819929
     14       -0.71942443412574       -0.01546424363386       -0.01675778024041       -0.00035534947998       -0.00021540976742       -0.00023342819929
     15        0.72120791761980        0.01654431302407        0.01792819450150        0.00035747503682        0.00021656707537        0.00023468233557
     15       -0.72120791761980       -0.01654431302407       -0.01792819450150       -0.00035747503682       -0.00021656707537       -0.00023468233557
     16        0.72299918449397        0.01762991438754        0.01910460359609        0.00035843608798        0.00021761565000        0.00023581864883
     16       -0.72299918449397       -0.01762991438754       -0.01910460359609       -0.00035843608798       -0.00021761565000       -0.00023581864883
     17        0.72479227849956        0.01872046952404        0.02028638098981        0.00035815628381        0.00021855221632        0.00023683359079
     17       -0.72479227849956       -0.01872046952404       -0.02028638098981       -0.00035815628381       -0.00021855221632       -0.00023683359079
     18        0.72658074733212        0.01981543655074        0.02147293950394        0.00035652248433        0.00021937161215        0.00023772156711
     18       -0.72658074733212       -0.01981543655074       -0.02147293950394       -0.00035652248433       -0.00021937161215       -0.00023772156711
     19        0.72835750334283        0.02091418564554        0.02266359666095        0.00035340090354        0.00022004306175        0.00023844922726
     19       -0.72835750334284       -0.02091418564554       -0.02266359666095       -0.00035340090354       -0.00022004306175       -0.00023844922726
     20        0.73011475636757        0.02201586716826        0.02385743177659        0.00034865400274        0.00022052611529        0.00023897273835
     20       -0.73011475636757       -0.02201586716826       -0.02385743177659       -0.00034865400274       -0.00022052611529       -0.00023897273835
     21        0.73184404337019        0.02311944679842        0.02505332404448        0.00034216120878        0.00022080217238        0.00023927194589
     21       -0.73184404337019       -0.02311944679842       -0.02505332404448       -0.00034216120878       -0.00022080217238       -0.00023927194589
     22        0.73353636845538        0.02422388889201        0.02625015123552        0.00033383778457        0.00022088772184        0.00023936471996
     22       -0.73353636845538       -0.02422388889201       -0.02625015123552       -0.00033383778457       -0.00022088772184       -0.00023936471996
     23        0.73518242121590        0.02532832401685        0.02744697124412        0.00032364410966        0.00022081746374        0.00023928866392
     23       -0.73518242121590       -0.02532832401685       -0.02744697124412       -0.00032364410966       -0.00022081746374       -0.00023928866392
     24        0.73677280955202        0.02643206352938        0.02864303787468        0.00031158329988        0.00022061516010        0.00023906952652
     24       -0.73677280955202       -0.02643206352938       -0.02864303787468       -0.00031158329988       -0.00022061516010       -0.00023906952652
     25        0.73829825421466        0.02753447561784        0.02983766650930        0.00029769236631        0.00022027955774        0.00023870594857
     25       -0.73829825421466       -0.02753447561784       -0.02983766650930       -0.00029769236631       -0.00022027955774       -0.00023870594857
     26        0.73974973321512        0.02863485910674        0.03103009736039        0.00028203433706        0.00021979592814        0.00023818197000
     26       -0.73974973321512       -0.02863485910675       -0.03103009736039       -0.00028203433706       -0.00021979592814       -0.00023818197000
     27        0.74111859758528        0.02973243489921        0.03221948620925        0.00026469478898        0.00021915915987        0.00023749205427
     27       -0.74111859758528       -0.02973243489921       -0.03221948620925       -0.00026469478898       -0.00021915915987       -0.00023749205427
     28        0.74239668110493        0.03082645070544        0.03340501790313        0.00024578056236        0.00021838538496        0.00023665368566
     28       -0.74239668110493       -0.03082645070545       -0.03340501790313       -0.00024578056236       -0.00021838538496       -0.00023665368566
     29        0.74357640320890        0.03191628874886        0.03458602306583        0.00022541632530        0.00021750235293        0.00023569693571
     29       -0.74357640320890       -0.03191628874886       -0.03458602306583       -0.00022541632530       -0.00021750235293       -0.00023569693571
     30        0.74465084435795        0.03300147423476        0.03576198726026        0.00020373737280        0.00021652963542        0.00023464301166
     30       -0.74465084435795       -0.03300147423477       -0.03576198726026       -0.00020373737280       -0.00021652963542       -0.00023464301166
     31        0.74561377693688        0.03408158510304        0.03693245318243        0.00018088130887        0.00021546817357        0.00023349293147
     31       -0.74561377693688       -0.03408158510304       -0.03693245318243       -0.00018088130887       -0.00021546817357       -0.00023349293147
     32        0.74645965744665        0.03515615597050        0.03809691657499        0.00015698282308        0.00021430809913        0.00023223600190
     32       -0.74645965744665       -0.03515615597050       -0.03809691657499       -0.00015698282308       -0.00021430809913       -0.00023223600190
     33        0.74718360516772        0.03622466609436        0.03925481320143        0.00013217339275        0.00021304584246        0.00023086835814
     33       -0.74718360516772       -0.03622466609436       -0.03925481320143       -0.00013217339275       -0.00021304584246       -0.00023086835814
     34        0.74778139137415        0.03728661439512        0.04040560015634        0.00010658392755        0.00021169366729        0.00022940329365
     34       -0.74778139137415       -0.03728661439512       -0.04040560015634       -0.00010658392755       -0.00021169366729       -0.00022940329365
     35        0.74824944444323        0.03834160276724        0.04154884613795        0.00008034666850        0.00021027338512        0.00022786444565
     35       -0.74824944444323       -0.03834160276725       -0.04154884613795       -0.00008034666850       -0.00021027338512       -0.00022786444565
     36        0.74858485805912        0.03938934824635        0.04268424461287        0.00005359433907        0.00020880159948        0.00022626980436
     36       -0.74858485805913       -0.03938934824635       -0.04268424461287       -0.00005359433907       -0.00020880159948       -0.00022626980436
     37        0.74878538783394        0.04042961876207        0.04381154418159        0.00002645773005        0.00020728120298        0.00022462250175
     37       -0.74878538783394       -0.04042961876207       -0.04381154418159       -0.00002645773005       -0.00020728120298       -0.00022462250175
     38        0.74884943535964        0.04146216027615        0.04493046963041       -0.00000093547019        0.00020570676208        0.00022291665043
     38       -0.74884943535965       -0.04146216027615       -0.04493046963041        0.00000093547019       -0.00020570676208       -0.00022291665043
     39        0.74877603313202        0.04248668638290        0.04604071068593       -0.00002845904631        0.00020407769904        0.00022115162898
     39       -0.74877603313203       -0.04248668638290       -0.04604071068593        0.00002845904631       -0.00020407769904       -0.00022115162898
     40        0.74856484489655        0.04350293726653        0.04714198592024       -0.00005598498968        0.00020240625444        0.00021934070727
     40       -0.74856484489655       -0.04350293726653       -0.04714198592024        0.00005598498968       -0.00020240625444       -0.00021934070727
     41        0.74821618323524        0.04451074892729        0.04823411775864       -0.00008338128686        0.00020071309984        0.00021750628779
     41       -0.74821618323524       -0.04451074892729       -0.04823411775864        0.00008338128686       -0.00020071309984       -0.00021750628779
     42        0.74773103202794        0.04551006826497        0.04931704879816       -0.00011051244291        0.00019901567027        0.00021566726135
     42       -0.74773103202794       -0.04551006826498       -0.04931704879817        0.00011051244291       -0.00019901567027       -0.00021566726135
     43        0.74711105880613        0.04650090562997        0.05039079037210       -0.00013724194740        0.00019732082397        0.00021383105661
     43       -0.74711105880613       -0.04650090562998       -0.05039079037211        0.00013724194740       -0.00019732082397       -0.00021383105661
     44        0.74635861255398        0.04748327650470        0.05145535936429       -0.00016343432860        0.00019562852473        0.00021199763532
     44       -0.74635861255398       -0.04748327650471       -0.05145535936430        0.00016343432860       -0.00019562852473       -0.00021199763532
     45        0.74547671552011        0.04845719087730        0.05251076672526       -0.00018895517478        0.00019394230854        0.00021017083545
     45       -0.74547671552011       -0.04845719087731       -0.05251076672526        0.00018895517478       -0.00019394230854       -0.00021017083545
     46        0.74446906080622        0.04942269959005        0.05355706771876       -0.00021366969770        0.00019227610368        0.00020836575759
     46       -0.74446906080622       -0.04942269959006       -0.05355706771876        0.00021366969770       -0.00019227610368       -0.00020836575759
     47        0.74334001854316        0.05037995191410        0.05459442430117       -0.00023744192059        0.00019065109176        0.00020660535779
     47       -0.74334001854316       -0.05037995191410       -0.05459442430117        0.00023744192059       -0.00019065109176       -0.00020660535779
     48        0.74209464160036        0.05132921050767        0.05562312129669       -0.00026013599132        0.00018908616838        0.00020491010916
     48       -0.74209464160037       -0.05132921050768       -0.05562312129669        0.00026013599132       -0.00018908616838       -0.00020491010916
     49        0.74073865862993        0.05227081359789        0.05664352539272       -0.00028161909351        0.00018759144899        0.00020329096927
     49       -0.74073865862994       -0.05227081359790       -0.05664352539273        0.00028161909351       -0.00018759144899       -0.00020329096927
     50        0.73927845066527        0.05320512499755        0.05765603098937       -0.00030176395647        0.00018617080110        0.00020175213047
     50       -0.73927845066527       -0.05320512499756       -0.05765603098937        0.00030176395647       -0.00018617080110       -0.00020175213047
     51        0.73772101906523        0.05413252160888        0.05866104669745       -0.00032044945488        0.00018483041053        0.00020030030402
     51       -0.73772101906524       -0.05413252160888       -0.05866104669745        0.00032044945488       -0.00018483041053       -0.00020030030402
     52        0.73607395611643        0.05505342910281        0.05965903402956       -0.00033755970821        0.00018358477433        0.00019895120897
     52       -0.73607395611643       -0.05505342910281       -0.05965903402956        0.00033755970821       -0.00018358477433       -0.00019895120897
     53        0.73434542198312        0.05596836935219        0.06065055878717       -0.00035298354091        0.00018245443032        0.00019772710474
     53       -0.73434542198312       -0.05596836935220       -0.06065055878718        0.00035298354091       -0.00018245443032       -0.00019772710474
     54        0.73254412070736        0.05687797340604        0.06163630507698       -0.00036661575033        0.00018145793710        0.00019664809868
     54       -0.73254412070737       -0.05687797340605       -0.06163630507699        0.00036661575033       -0.00018145793710       -0.00019664809868
     55        0.73067926447983        0.05778294872315        0.06261703977395       -0.00037835980131        0.00018060598997        0.00019572577575
     55       -0.73067926447984       -0.05778294872316       -0.06261703977396        0.00037835980131       -0.00018060598997       -0.00019572577575
     56        0.72876052269426        0.05868403330579        0.06359356283444       -0.00038813015507        0.00017990310545        0.00019496503176
     56       -0.72876052269426       -0.05868403330579       -0.06359356283444        0.00038813015507       -0.00017990310545       -0.00019496503176
     57        0.72679796292914        0.05958197977766        0.06456669009153       -0.00039585283152        0.00017935477279        0.00019437182506
     57       -0.72679796292915       -0.05958197977767       -0.06456669009154        0.00039585283152       -0.00017935477279       -0.00019437182506
     58        0.72480199437910        0.06047758103372        0.06553728108503       -0.00040146457451        0.00017897282438        0.00019395898951
     58       -0.72480199437911       -0.06047758103372       -0.06553728108504        0.00040146457451       -0.00017897282438       -0.00019395898951
     59        0.72278331718404        0.06137170802143        0.06650627998665       -0.00040491235646        0.00017877383284        0.00019374448871
     59       -0.72278331718404       -0.06137170802144       -0.06650627998666        0.00040491235646       -0.00017877383284       -0.00019374448871
     60        0.72075287081450        0.06226531936211        0.06747472597212       -0.00040615456721        0.00017877228569        0.00019374401745
     60       -0.72075287081451       -0.06226531936212       -0.06747472597213        0.00040615456721       -0.00017877228569       -0.00019374401745
     61        0.71872177151191        0.06315943087833        0.06844372016118       -0.00040516349612        0.00017897522392        0.00019396519911
     61       -0.71872177151191       -0.06315943087834       -0.06844372016119        0.00040516349612       -0.00017897522392       -0.00019396519911
     62        0.71670123585330        0.06405507160128        0.06941437796317       -0.00040192738643        0.00017938331424        0.00019440875743
     62       -0.71670123585331       -0.06405507160128       -0.06941437796318        0.00040192738643       -0.00017938331424       -0.00019440875743
     63        0.71470249764761        0.06495326402069        0.07038780773553       -0.00039645073830        0.00017999690901        0.00019507508602
     63       -0.71470249764762       -0.06495326402070       -0.07038780773553        0.00039645073830       -0.00017999690901       -0.00019507508602
     64        0.71273672847032        0.06585504069135        0.07136512882341       -0.00038875323234        0.00018082091206        0.00019596951317
     64       -0.71273672847033       -0.06585504069136       -0.07136512882342        0.00038875323234       -0.00018082091206       -0.00019596951317
     65        0.71081496532419        0.06676147314134        0.07234750286724       -0.00037886891887        0.00018186369185        0.00019710111298
     65       -0.71081496532420       -0.06676147314135       -0.07234750286725        0.00037886891887       -0.00018186369185       -0.00019710111298
     66        0.70894803928166        0.06767367760987        0.07333613995326       -0.00036684689642        0.00018313122505        0.00019847635604
     66       -0.70894803928167       -0.06767367760987       -0.07333613995327        0.00036684689642       -0.00018313122505       -0.00019847635604
     67        0.70714649635997        0.06859278539183        0.07433226642768       -0.00035275303528        0.00018462220088        0.00020009381289
     67       -0.70714649635998       -0.06859278539184       -0.07433226642769        0.00035275303528       -0.00018462220088       -0.00020009381289
     68        0.70542050892885        0.06951989961866        0.07533707808217       -0.00033667108622        0.00018632865430        0.00020194485261
     68       -0.70542050892886       -0.06951989961867       -0.07533707808218        0.00033667108622       -0.00018632865430       -0.00020194485261
     69        0.70377978549779        0.07045607193485        0.07635171495381       -0.00031870197066        0.00018824119153        0.00020401930910
     69       -0.70377978549780       -0.07045607193486       -0.07635171495381        0.00031870197066       -0.00018824119153       -0.00020401930910
     70        0.70223348922227        0.07140231153397        0.07737727117321       -0.00029896168891        0.00019035351070        0.00020631037030
     70       -0.70223348922227       -0.07140231153398       -0.07737727117322        0.00029896168891       -0.00019035351070       -0.00020631037030
     71        0.70079016860874        0.07235960704183        0.07841481865683       -0.00027757944456        0.00019266185273        0.00020881396912
     71       -0.70079016860875       -0.07235960704184       -0.07841481865683        0.00027757944456       -0.00019266185273       -0.00020881396912
     72        0.69945769477669        0.07332893006123        0.07946541086442       -0.00025469711750        0.00019516011583        0.00021152348488
     72       -0.69945769477670       -0.07332893006124       -0.07946541086443        0.00025469711750       -0.00019516011583       -0.00021152348488
     73        0.69824319743376        0.07431120820015        0.08053005350562       -0.00023046963211        0.00019783554078        0.00021442507809
     73       -0.69824319743376       -0.07431120820016       -0.08053005350563        0.00023046963211       -0.00019783554078       -0.00021442507809
     74        0.69715299845561        0.07530728546903        0.08160966164532       -0.00020506468347        0.00020066914130        0.00021749817258
     74       -0.69715299845562       -0.07530728546904       -0.08160966164532        0.00020506468347       -0.00020066914130       -0.00021749817258
     75        0.69619255059905        0.07631789961311        0.08270503523138       -0.00017866078239        0.00020364033044        0.00022072047406
     75       -0.69619255059905       -0.07631789961312       -0.08270503523139        0.00017866078239       -0.00020364033044       -0.00022072047406
     76        0.69536639063172        0.07734368877346        0.08381686638589       -0.00015144412379        0.00020673120113        0.00022407259724
     76       -0.69536639063172       -0.07734368877347       -0.08381686638590        0.00015144412379       -0.00020673120113       -0.00022407259724
     77        0.69467810936119        0.07838521162445        0.08494576120380       -0.00012360580632        0.00020992647169        0.00022753798904
     77       -0.69467810936119       -0.07838521162446       -0.08494576120381        0.00012360580632       -0.00020992647169       -0.00022753798904
     78        0.69413033256854        0.07944295349040        0.08609224627632       -0.00009534043261        0.00021320947572        0.00023109857663
     78       -0.69413033256855       -0.07944295349041       -0.08609224627633        0.00009534043261       -0.00021320947572       -0.00023109857663
     79        0.69372470503508        0.08051730638165        0.08725674697005       -0.00006684564166        0.00021655838603        0.00023473068801
     79       -0.69372470503509       -0.08051730638166       -0.08725674697006        0.00006684564166       -0.00021655838603       -0.00023473068801
     80        0.69346187615192        0.08160853735074        0.08843955315646       -0.00003832116851        0.00021994647024        0.00023840534911
     80       -0.69346187615193       -0.08160853735076       -0.08843955315647        0.00003832116851       -0.00021994647024       -0.00023840534911
     81        0.69334149335003        0.08271677108405        0.08964080046116       -0.00000996652419        0.00022334614355        0.00024209268320
     81       -0.69334149335004       -0.08271677108406       -0.08964080046117        0.00000996652419       -0.00022334614355       -0.00024209268320
     82        0.69336221090998        0.08384199878626        0.09086047998847        0.00001802220482        0.00022673295699        0.00024576621903
     82       -0.69336221090999       -0.08384199878627       -0.09086047998849       -0.00001802220482       -0.00022673295699       -0.00024576621903
     83        0.69352171539820        0.08498410065398        0.09209846265150        0.00004545504624        0.00023008590882        0.00024940320535
     83       -0.69352171539821       -0.08498410065399       -0.09209846265151       -0.00004545504624       -0.00023008590882       -0.00024940320535
     84        0.69381676137241        0.08614285787444        0.09335451204201        0.00007214940410        0.00023338417583        0.00025298105937
     84       -0.69381676137242       -0.08614285787445       -0.09335451204202       -0.00007214940410       -0.00023338417583       -0.00025298105937
     85        0.69424320943919        0.08731794241224        0.09462827324516        0.00009793029882        0.00023660380033        0.00025647379149
     85       -0.69424320943920       -0.08731794241226       -0.09462827324517       -0.00009793029882       -0.00023660380033       -0.00025647379149
     86        0.69479606436065        0.08850889587774        0.09591924995687        0.00012263083227        0.00023971774235        0.00025985208809
     86       -0.69479606436067       -0.08850889587775       -0.09591924995688       -0.00012263083227       -0.00023971774235       -0.00025985208809
     87        0.69546951776187        0.08971511983570        0.09722679412608        0.00014609369225        0.00024269930499        0.00026308703510
     87       -0.69546951776189       -0.08971511983571       -0.09722679412609       -0.00014609369225       -0.00024269930499       -0.00026308703510
     88        0.69625700128314        0.09093588892760        0.09855012030787        0.00016817330207        0.00024552569005        0.00026615395477
     88       -0.69625700128315       -0.09093588892761       -0.09855012030788       -0.00016817330207       -0.00024552569005       -0.00026615395477
     89        0.69715125078254        0.09217037673615        0.09988833367373        0.00018873745077        0.00024817845640        0.00026903287230
     89       -0.69715125078255       -0.09217037673617       -0.09988833367375       -0.00018873745077       -0.00024817845640       -0.00026903287230
     90        0.69814437579082        0.09341767349160        0.10124044903089        0.00020766762269        0.00025064076059        0.00027170551103
     90       -0.69814437579083       -0.09341767349161       -0.10124044903090       -0.00020766762269       -0.00025064076059       -0.00027170551103
     91        0.69922792700943        0.09467678434206        0.10260538878403        0.00022485834831        0.00025289432360        0.00027415202287
     91       -0.69922792700944       -0.09467678434207       -0.10260538878405       -0.00022485834831       -0.00025289432360       -0.00027415202287
     92        0.70039295927393        0.09594661672759        0.10398196925956        0.00024021663674        0.00025491915845        0.00027635072814
     92       -0.70039295927395       -0.09594661672761       -0.10398196925957       -0.00024021663674       -0.00025491915845       -0.00027635072814
     93        0.70163009337683        0.09722597592655        0.10536889606539        0.00025366225846        0.00025669627888        0.00027828106954
     93       -0.70163009337685       -0.09722597592657       -0.10536889606540       -0.00025366225846       -0.00025669627888       -0.00027828106954
     94        0.70292958185852        0.09851357951643        0.10676477995500        0.00026512867726        0.00025821073627        0.00027992688482
     94       -0.70292958185854       -0.09851357951645       -0.10676477995501       -0.00026512867726       -0.00025821073627       -0.00027992688482
     95        0.70428138014944        0.09980808328927        0.10816816491356        0.00027456373089        0.00025945214722        0.00028127693768
     95       -0.70428138014945       -0.09980808328929       -0.10816816491358       -0.00027456373089       -0.00025945214722       -0.00028127693768
     96        0.70567521916740        0.10110810098863        0.10957754933182        0.00028192933999        0.00026041240351        0.00028232241189
     96       -0.70567521916742       -0.10110810098865       -0.10957754933183       -0.00028192933999       -0.00026041240351       -0.00028232241189
     97        0.70710067354931        0.10241220732436        0.11099138903249        0.00028720034001        0.00026108293473        0.00028305396355
     97       -0.70710067354933       -0.10241220732438       -0.11099138903251       -0.00028720034001       -0.00026108293473       -0.00028305396355
     98        0.70854722256748        0.10371893033589        0.11240808896733        0.00029036320313        0.00026145416667        0.00028346118222
     98       -0.70854722256749       -0.10371893033591       -0.11240808896735       -0.00029036320313       -0.00026145416667       -0.00028346118222
     99        0.71000430558058        0.10502674899110        0.11382600085465        0.00029141539269        0.00026151757312        0.00028353484701
     99       -0.71000430558060       -0.10502674899112       -0.11382600085467       -0.00029141539269       -0.00026151757312       -0.00028353484701
    100        0.71146137649439        0.10633410606705        0.11524343743742        0.00029036548619        0.00026126823868        0.00028326968669
    100       -0.71146137649440       -0.10633410606707       -0.11524343743743       -0.00029036548619       -0.00026126823868       -0.00028326968669
    101        0.71290796044246        0.10763943137786        0.11665869772156        0.00028723357880        0.00026070549212        0.00028266500954
    101       -0.71290796044247       -0.10763943137788       -0.11665869772158       -0.00028723357880       -0.00026070549212       -0.00028266500954
    102        0.71433371228242        0.10894116098830        0.11807008753281        0.00028205129833        0.00025983112523        0.00028172272849
    102       -0.71433371228243       -0.10894116098832       -0.11807008753282       -0.00028205129833       -0.00025983112523       -0.00028172272849
    103        0.71572847342574        0.11023774263020        0.11947592500645        0.00027486106073        0.00025864698558        0.00028044476541
    103       -0.71572847342575       -0.11023774263022       -0.11947592500647       -0.00027486106073       -0.00025864698558       -0.00028044476541
    104        0.71708232288972        0.11152763084405        0.12087453518688        0.00026571469459        0.00025715417744        0.00027883225126
    104       -0.71708232288974       -0.11152763084407       -0.12087453518690       -0.00026571469459       -0.00025715417744       -0.00027883225126
    105        0.71838562037162        0.11280928440459        0.12226424751908        0.00025467195918        0.00025535445541        0.00027688709913
    105       -0.71838562037163       -0.11280928440461       -0.12226424751909       -0.00025467195918       -0.00025535445541       -0.00027688709913
    106        0.71962904248151        0.11408117539816        0.12364340617815        0.00024179961347        0.00025325235073        0.00027461430689
    106       -0.71962904248153       -0.11408117539818       -0.12364340617817       -0.00024179961347       -0.00025325235073       -0.00027461430689
    107        0.72080361650628        0.11534180791188        0.12501039058795        0.00022717150697        0.00025085604105        0.00027202282542
    107       -0.72080361650630       -0.11534180791190       -0.12501039058797       -0.00022717150697       -0.00025085604105       -0.00027202282542
    108        0.72190075755116        0.11658973580867        0.12636363443237        0.00021086966514        0.00024817628814        0.00026912431900
    108       -0.72190075755118       -0.11658973580869       -0.12636363443239       -0.00021086966514       -0.00024817628814       -0.00026912431900
    109        0.72291231315767        0.11782357079325        0.12770163377795        0.00019298567404        0.00024522453329        0.00026593107918
    109       -0.72291231315768       -0.11782357079328       -0.12770163377797       -0.00019298567404       -0.00024522453329       -0.00026593107918
    110        0.72383061429155        0.11904198114161        0.12902294522414        0.00017362118461        0.00024201182181        0.00026245493466
    110       -0.72383061429157       -0.11904198114163       -0.12902294522416       -0.00017362118461       -0.00024201182181       -0.00026245493466
    111        0.72464852500374        0.12024368901133        0.13032618312451        0.00015288648886        0.00023854927885        0.00025870788829
    111       -0.72464852500376       -0.12024368901136       -0.13032618312453       -0.00015288648886       -0.00023854927885       -0.00025870788829
    112        0.72535947918015        0.12142747393013        0.13161002410704        0.00013089703211        0.00023484946625        0.00025470365483
    112       -0.72535947918016       -0.12142747393016       -0.13161002410706       -0.00013089703211       -0.00023484946625       -0.00025470365483
    113        0.72595749532483        0.12259218367387        0.13287321967279        0.00010776902335        0.00023092741588        0.00025045872696
    113       -0.72595749532485       -0.12259218367389       -0.13287321967281       -0.00010776902335       -0.00023092741588       -0.00025045872696
    114        0.72643716941365        0.12373674808890        0.13411461137665        0.00008361615568        0.00022680073680        0.00024599234182
    114       -0.72643716941367       -0.12373674808892       -0.13411461137667       -0.00008361615568       -0.00022680073680       -0.00024599234182
    115        0.72679365688166        0.12486019104184        0.13533314309097        0.00005854913779        0.00022248909756        0.00024132578199
    115       -0.72679365688168       -0.12486019104187       -0.13533314309099       -0.00005854913779       -0.00022248909756       -0.00024132578199
    116        0.72702266079153        0.12596163906446        0.13652786919658        0.00003267827733        0.00021801366283        0.00023648175080
    116       -0.72702266079155       -0.12596163906449       -0.13652786919660       -0.00003267827733       -0.00021801366283       -0.00023648175080
    117        0.72712043965496        0.12704032767013        0.13769796059894        0.00000611760823        0.00021339664711        0.00023148402741
    117       -0.72712043965498       -0.12704032767015       -0.13769796059896       -0.00000611760823       -0.00021339664711       -0.00023148402741
    118        0.72708383687378        0.12809560553556        0.13884270947069       -0.00002101180461        0.00020866075927        0.00022635707488
    118       -0.72708383687380       -0.12809560553558       -0.13884270947071        0.00002101180461       -0.00020866075927       -0.00022635707488
    119        0.72691032160884        0.12912693526287        0.13996153134777       -0.00004858106390        0.00020382854583        0.00022112546846
    119       -0.72691032160887       -0.12912693526290       -0.13996153134780        0.00004858106390       -0.00020382854583       -0.00022112546846
    120        0.72659802623475        0.13013389099384        0.14105396415530       -0.00007645499373        0.00019892224025        0.00021581369950
    120       -0.72659802623477       -0.13013389099386       -0.14105396415532        0.00007645499373       -0.00019892224025       -0.00021581369950
    121        0.72614577167158        0.13111615766539        0.14211966834273       -0.00010449416072        0.00019396484792        0.00021044715269
    121       -0.72614577167160       -0.13111615766541       -0.14211966834276        0.00010449416072       -0.00019396484792       -0.00021044715269
    122        0.72555308462754        0.13207353947304        0.14315843568219       -0.00013255504969        0.00018898238108        0.00020505427872
    122       -0.72555308462756       -0.13207353947307       -0.14315843568221        0.00013255504969       -0.00018898238108       -0.00020505427872
    123        0.72482022117470        0.13300598147617        0.14417021112989       -0.00016048730851        0.00018400596026        0.00019966871911
    123       -0.72482022117473       -0.13300598147620       -0.14417021112991        0.00016048730851       -0.00018400596026       -0.00019966871911
    124        0.72394821154243        0.13391359907567        0.14515512287329       -0.00018812905311        0.00017907206495        0.00019432960965
    124       -0.72394821154245       -0.13391359907570       -0.14515512287331        0.00018812905311       -0.00017907206495       -0.00019432960965
    125        0.72293893064356        0.13479670212564        0.14611350722639       -0.00021530276096        0.00017422017701        0.00018907921785
    125       -0.72293893064358       -0.13479670212567       -0.14611350722641        0.00021530276096       -0.00017422017701       -0.00018907921785
    126        0.72179518393286        0.13565580084579        0.14704591505179       -0.00024181429555        0.00016948881653        0.00018395888317
    126       -0.72179518393289       -0.13565580084582       -0.14704591505182        0.00024181429555       -0.00016948881653       -0.00018395888317
    127        0.72052078768804        0.13649159029090        0.14795309605805       -0.00026745617561        0.00016491212207        0.00017900546409
    127       -0.72052078768807       -0.13649159029093       -0.14795309605807        0.00026745617561       -0.00016491212207       -0.00017900546409
    128        0.71912062217680        0.13730492206645        0.14883596969274       -0.00029201434367        0.00016051870464        0.00017425010170
    128       -0.71912062217682       -0.13730492206648       -0.14883596969277        0.00029201434367       -0.00016051870464       -0.00017425010170
    129        0.71760064425134        0.13809677733727        0.14969559707509       -0.00031527654587        0.00015633284538        0.00016971940494
    129       -0.71760064425137       -0.13809677733731       -0.14969559707512        0.00031527654587       -0.00015633284538       -0.00016971940494
    130        0.71596785671809        0.13886825052025        0.15053316374211       -0.00033704047347        0.00015237658319        0.00016543757238
    130       -0.71596785671811       -0.13886825052028       -0.15053316374214        0.00033704047347       -0.00015237658319       -0.00016543757238
    131        0.71423023951662        0.13962054316921        0.15134997279892       -0.00035712063125        0.00014867104585        0.00016142774998
    131       -0.71423023951665       -0.13962054316924       -0.15134997279895        0.00035712063125       -0.00014867104585       -0.00016142774998
    132        0.71239665040556        0.14035496097875        0.15214744124189       -0.00037535370861        0.00014523651137        0.00015771209250
    132       -0.71239665040559       -0.14035496097878       -0.15214744124191        0.00037535370861       -0.00014523651137       -0.00015771209250
    133        0.71047670243051        0.14107290828293        0.15292709372389       -0.00039160258521        0.00014209200724        0.00015431136495
    133       -0.71047670243054       -0.14107290828296       -0.15292709372392        0.00039160258521       -0.00014209200724       -0.00015431136495
    134        0.70848062455348        0.14177588105119        0.15369055489137       -0.00040575912620        0.00013925556720        0.00015124523861
    134       -0.70848062455351       -0.14177588105123       -0.15369055489140        0.00040575912620       -0.00013925556720       -0.00015124523861
    135        0.70641911116853        0.14246546395496        0.15443954610998       -0.00041774593502        0.00013674539234        0.00014853352344
    135       -0.70641911116856       -0.14246546395499       -0.15443954611001        0.00041774593502       -0.00013674539234       -0.00014853352344
    136        0.70430316520333        0.14314333497464        0.15517589012579       -0.00042751727194        0.00013458104342        0.00014619741722
    136       -0.70430316520335       -0.14314333497467       -0.15517589012582        0.00042751727194       -0.00013458104342       -0.00014619741722
    137        0.70214393844912        0.14381127438913        0.15590152028223       -0.00043505916105        0.00013278354233        0.00014425960582
    137       -0.70214393844915       -0.14381127438917       -0.15590152028226        0.00043505916105       -0.00013278354233       -0.00014425960582
    138        0.69995257359285        0.14447117039791        0.15661848618403       -0.00044038819971        0.00013137412367        0.00014274295768
    138       -0.69995257359288       -0.14447117039794       -0.15661848618406        0.00044038819971       -0.00013137412367       -0.00014274295768
    139        0.69774005645197        0.14512501562578        0.15732894985900       -0.00044354815442        0.00013037251820        0.00014166873948
    139       -0.69774005645200       -0.14512501562582       -0.15732894985903        0.00044354815442       -0.00013037251820       -0.00014166873948
    140        0.69551709204863        0.14577489557987        0.15803517357884       -0.00044460372181        0.00012979597907        0.00014105560602
    140       -0.69551709204866       -0.14577489557991       -0.15803517357887        0.00044460372181       -0.00012979597907       -0.00014105560602
    141        0.69329401923387        0.14642297541651        0.15873950591922       -0.00044363202339        0.00012965947108        0.00014091978310
    141       -0.69329401923390       -0.14642297541655       -0.15873950591925        0.00044363202339       -0.00012965947108       -0.00014091978310
    142        0.69108077181474        0.14707149029063        0.15944437140981       -0.00044071373703        0.00012997629537        0.00014127567746
    142       -0.69108077181478       -0.14707149029067       -0.15944437140984        0.00044071373703       -0.00012997629537       -0.00014127567746
    143        0.68888688186361        0.14772273837017        0.16015226269382       -0.00043592609358        0.00013075801537        0.00014213574973
    143       -0.68888688186364       -0.14772273837021       -0.16015226269386        0.00043592609358       -0.00013075801537       -0.00014213574973
    144        0.68672151087893        0.14837907044433        0.16086572890714       -0.00042933883455        0.00013201327198        0.00014350925407
    144       -0.68672151087896       -0.14837907044437       -0.16086572890718        0.00042933883455       -0.00013201327198       -0.00014350925407
    145        0.68459349351815        0.14904287108992        0.16158735523454       -0.00042101249813        0.00013374623736        0.00014540064236
    145       -0.68459349351818       -0.14904287108996       -0.16158735523457        0.00042101249813       -0.00013374623736       -0.00014540064236
    146        0.68251138589762        0.14971653281795        0.16231973533077       -0.00041099760992        0.00013595593510        0.00014780889183
    146       -0.68251138589766       -0.14971653281799       -0.16231973533081        0.00041099760992       -0.00013595593510       -0.00014780889183
    147        0.68048351741890        0.15040243044093        0.16306544415282       -0.00039933425452        0.00013863695579        0.00015072826321
    147       -0.68048351741894       -0.15040243044097       -0.16306544415285        0.00039933425452       -0.00013863695579       -0.00015072826321
    148        0.67851804335242        0.15110290237584        0.16382701796289       -0.00038605317189        0.00014178083916        0.00015414970262
    148       -0.67851804335246       -0.15110290237588       -0.16382701796293        0.00038605317189       -0.00014178083916       -0.00015414970262
    149        0.67662298569998        0.15182023883257        0.16460694117900       -0.00037118007575        0.00014537674597        0.00015806147347
    149       -0.67662298570002       -0.15182023883261       -0.16460694117904        0.00037118007575       -0.00014537674597       -0.00015806147347
    150        0.67480624259495        0.15255666983551        0.16540763269757       -0.00035474335061        0.00014941064281        0.00016244826577
    150       -0.67480624259498       -0.15255666983556       -0.16540763269761        0.00035474335061       -0.00014941064281       -0.00016244826577
    151        0.67307555219389        0.15331434526066        0.16623142383671       -0.00033678274714        0.00015386357126        0.00016728941898
    151       -0.67307555219393       -0.15331434526070       -0.16623142383674        0.00033678274714       -0.00015386357126       -0.00016728941898
    152        0.67143841512355        0.15409530554808        0.16708052688735       -0.00031735551730        0.00015871047238        0.00017255777361
    152       -0.67143841512359       -0.15409530554812       -0.16708052688738        0.00031735551730       -0.00015871047238       -0.00017255777361
    153        0.66990199702093        0.15490144998448        0.16795700157285       -0.00029653803265        0.00016392067032        0.00017822023378
    153       -0.66990199702097       -0.15490144998452       -0.16795700157289        0.00029653803264       -0.00016392067032       -0.00017822023378
    154        0.66847303479710        0.15573451225132        0.16886272922517       -0.00027442425174        0.00016945977362        0.00018423973100
    154       -0.66847303479714       -0.15573451225137       -0.16886272922521        0.00027442425174       -0.00016945977362       -0.00018423973100
    155        0.66715775450357        0.15659604772068        0.16979939888284       -0.00025112460397        0.00017529157978        0.00019057712504
    155       -0.66715775450360       -0.15659604772072       -0.16979939888288        0.00025112460397       -0.00017529157978       -0.00019057712504
    156        0.66596178875739        0.15748742804908        0.17076850047559       -0.00022676782171        0.00018137857294        0.00019719164925
    156       -0.66596178875743       -0.15748742804912       -0.17076850047563        0.00022676782171       -0.00018137857294       -0.00019719164925
    157        0.66489007628644        0.15840983345011        0.17177131537539       -0.00020150467472        0.00018768078882        0.00020403974416
    157       -0.66489007628648       -0.15840983345016       -0.17177131537543        0.00020150467472       -0.00018768078882       -0.00020403974416
    158        0.66394674201021        0.15936423593727        0.17280889791723       -0.00017550957159        0.00019415420070        0.00021107349006
    158       -0.66394674201025       -0.15936423593732       -0.17280889791727        0.00017550957159       -0.00019415420070       -0.00021107349006
    159        0.66313498057055        0.16035137545714        0.17388205027599       -0.00014897645880        0.00020075023429        0.00021824023790
    159       -0.66313498057059       -0.16035137545718       -0.17388205027603        0.00014897645880       -0.00020075023429       -0.00021824023790
    160        0.66245697742225        0.16137173828021        0.17499130029625       -0.00012210930838        0.00020741721306        0.00022548417850
    160       -0.66245697742229       -0.16137173828026       -0.17499130029629        0.00012210930838       -0.00020741721306       -0.00022548417850
    161        0.66191388748678        0.16242554758773        0.17613689206102       -0.00009511161637        0.00021410315182        0.00023274921351
    161       -0.66191388748682       -0.16242554758778       -0.17613689206106        0.00009511161637       -0.00021410315182       -0.00023274921351
    162        0.66150586125859        0.16351276979840        0.17731879243134       -0.00006818019587        0.00022075843435        0.00023998166620
    162       -0.66150586125863       -0.16351276979845       -0.17731879243138        0.00006818019587       -0.00022075843435       -0.00023998166620
    163        0.66123208552804        0.16463313193118        0.17853670872300       -0.00004150530269        0.00022733712652        0.00024713162939
    163       -0.66123208552808       -0.16463313193123       -0.17853670872305        0.00004150530269       -0.00022733712652       -0.00024713162939
    164        0.66109080823166        0.16578614106364        0.17979010872527       -0.00001527442656        0.00023379668429        0.00025415273825
    164       -0.66109080823170       -0.16578614106369       -0.17979010872531        0.00001527442656       -0.00023379668429       -0.00025415273825
    165        0.66107934126248        0.16697109877407        0.18107823610547        0.00001032522152        0.00024009675040        0.00026100102915
    165       -0.66107934126252       -0.16697109877412       -0.18107823610551       -0.00001032522152       -0.00024009675041       -0.00026100102915
    166        0.66119406044683        0.16818710856769        0.18240011901677        0.00003510865674        0.00024619792447        0.00026763369685
    166       -0.66119406044688       -0.16818710856774       -0.18240011901681       -0.00003510865674       -0.00024619792447       -0.00026763369685
    167        0.66143042782984        0.16943307801880        0.18375457307392        0.00005889846546        0.00025206087222        0.00027400807651
    167       -0.66143042782989       -0.16943307801885       -0.18375457307396       -0.00005889846546       -0.00025206087222       -0.00027400807651
    168        0.66178304510143        0.17070771728991        0.18514019978187        0.00008152967869        0.00025764554537        0.00028008067116
    168       -0.66178304510147       -0.17070771728996       -0.18514019978192       -0.00008152967869       -0.00025764554537       -0.00028008067116
    169        0.66224572461678        0.17200953347254        0.18655537978555        0.00010285110600        0.00026291024929        0.00028580608237
    169       -0.66224572461683       -0.17200953347259       -0.18655537978560       -0.00010285110600       -0.00026291024929       -0.00028580608237
    170        0.66281155616145        0.17333681978276        0.18799826060552        0.00012272352516        0.00026781090013        0.00029113630021
    170       -0.66281155616149       -0.17333681978281       -0.18799826060557       -0.00012272352516       -0.00026781090013       -0.00029113630021
    171        0.66347295986835        0.17468764247380        0.18946674278762        0.00014101803472        0.00027230149424        0.00029602140721
    171       -0.66347295986840       -0.17468764247385       -0.18946674278766       -0.00014101803472       -0.00027230149424       -0.00029602140721
    172        0.66422173650867        0.17605983472515        0.19095847467766        0.00015761768778        0.00027633682895        0.00030041267036
    172       -0.66422173650872       -0.17605983472521       -0.19095847467771       -0.00015761768778       -0.00027633682895       -0.00030041267036
    173        0.66504913674618        0.17745101076327        0.19247086949118        0.00017242251650        0.00027987757812        0.00030426800897
    173       -0.66504913674622       -0.17745101076333       -0.19247086949123       -0.00017242251650       -0.00027987757812       -0.00030426800897
    174        0.66594596167370        0.17885861050632        0.19400115476740        0.00018535492811        0.00028289639731        0.00030755840667
    174       -0.66594596167375       -0.17885861050637       -0.19400115476745       -0.00018535492811       -0.00028289639731       -0.00030755840667
    175        0.66690268602730        0.18027997473634        0.19554645355791        0.00019636187790        0.00028538274234        0.00031027287927
    175       -0.66690268602735       -0.18027997473640       -0.19554645355796       -0.00019636187790       -0.00028538274234       -0.00031027287927
    176        0.66790958045272        0.18171243792976        0.19710388356012        0.00020541259373        0.00028734426404        0.00031241981863
    176       -0.66790958045276       -0.18171243792981       -0.19710388356017       -0.00020541259373       -0.00028734426404       -0.00031241981863
    177        0.66895681196461        0.18315341737670        0.19867065174420        0.00021249384544        0.00028880396156        0.00031402387669
    177       -0.66895681196466       -0.18315341737676       -0.19867065174425       -0.00021249384544       -0.00028880396156       -0.00031402387669
    178        0.67003451890708        0.18460047754536        0.20024412232706        0.00021760614568        0.00028979394538        0.00031511926634
    178       -0.67003451890713       -0.18460047754541       -0.20024412232711       -0.00021760614568       -0.00028979394538       -0.00031511926634
    179        0.67113287342143        0.18605135683050        0.20182184440764        0.00022076282452        0.00029034770500        0.00031574146609
    179       -0.67113287342148       -0.18605135683056       -0.20182184440770       -0.00022076282452       -0.00029034770500       -0.00031574146609
    180        0.67224214715227        0.18750395459534        0.20340153698796        0.00022199096294        0.00029049275028        0.00031591934072
    180       -0.67224214715232       -0.18750395459540       -0.20340153698801       -0.00022199096294       -0.00029049275028       -0.00031591934072
    181        0.67335278305084        0.18895628433332        0.20498103781484        0.00022133110385        0.00029024474742        0.00031566893210
    181       -0.67335278305089       -0.18895628433338       -0.20498103781489       -0.00022133110385       -0.00029024474742       -0.00031566893210
    182        0.67445545819081        0.19040640206951        0.20655822630900        0.00021883302561        0.00028960357611        0.00031498940210
    182       -0.67445545819086       -0.19040640206957       -0.20655822630906       -0.00021883302561       -0.00028960357611       -0.00031498940210
    183        0.67554111330690        0.19185232009443        0.20813093183581        0.00021454729024        0.00028855159032        0.00031386137144
    183       -0.67554111330696       -0.19185232009449       -0.20813093183586       -0.00021454729024       -0.00028855159032       -0.00031386137144
    184        0.67660093109316        0.19329191797270        0.20969684002345        0.00020851497806        0.00028705457673        0.00031224806823
    184       -0.67660093109321       -0.19329191797277       -0.20969684002350       -0.00020851497806       -0.00028705457673       -0.00031224806823
    185        0.67762626308748        0.19472286586174        0.21125341251809        0.00020075926786        0.00028506584354        0.00031009966767
    185       -0.67762626308753       -0.19472286586180       -0.21125341251814       -0.00020075926786       -0.00028506584354       -0.00031009966767
    186        0.67860852377180        0.19614257640810        0.21279783670017        0.00019128182496        0.00028253314738        0.00030736053829
    186       -0.67860852377185       -0.19614257640816       -0.21279783670022       -0.00019128182496       -0.00028253314738       -0.00030736053829
    187        0.67953908133710        0.19754819733551        0.21432701790103        0.00018006509756        0.00027940708250        0.00030397804302
    187       -0.67953908133715       -0.19754819733557       -0.21432701790109       -0.00018006509756       -0.00027940708250       -0.00030397804302
    188        0.68040917474738        0.19893664723308        0.21583761713035        0.00016707981159        0.00027564890154        0.00029991084107
    188       -0.68040917474744       -0.19893664723314       -0.21583761713040       -0.00016707981159       -0.00027564890154       -0.00029991084107
    189        0.68120987945296        0.20030468635088        0.21732612631175        0.00015229595721        0.00027123608348        0.00029513491218
    189       -0.68120987945301       -0.20030468635094       -0.21732612631181       -0.00015229595721       -0.00027123608348       -0.00029513491218
    190        0.68193213431950        0.20164900806790        0.21878896625218        0.00013569537078        0.00026616511589        0.00028964665190
    190       -0.68193213431955       -0.20164900806797       -0.21878896625223       -0.00013569537078       -0.00026616511589       -0.00028964665190
    191        0.68256683316072        0.20296633750973        0.22022259283077        0.00011728418587        0.00026045208165        0.00028346356195
    191       -0.68256683316078       -0.20296633750980       -0.22022259283083       -0.00011728418587       -0.00026045208165       -0.00028346356195
    192        0.68310497617823        0.20425352888438        0.22162360187165        0.00009710359307        0.00025413198018        0.00027662348860
    192       -0.68310497617829       -0.20425352888445       -0.22162360187171       -0.00009710359307       -0.00025413198018       -0.00027662348860
    193        0.68353786909143        0.20550765731151        0.22298882771682        0.00007523747101        0.00024725722765        0.00026918293682
    193       -0.68353786909149       -0.20550765731158       -0.22298882771688       -0.00007523747102       -0.00024725722765       -0.00026918293682
    194        0.68385735088838        0.20672610116090        0.22431543123987        0.00005181570245        0.00023989512659        0.00026121432608
    194       -0.68385735088844       -0.20672610116097       -0.22431543123993       -0.00005181570245       -0.00023989512659       -0.00026121432608
    195        0.68405602611596        0.20790660857739        0.22560097097766        0.00002701251911        0.00023212398389        0.00025280189275
    195       -0.68405602611601       -0.20790660857746       -0.22560097097772       -0.00002701251911       -0.00023212398389       -0.00025280189275
    196        0.68412747607945        0.20904734099983        0.22684345016737        0.00000104002140        0.00022402810910        0.00024403645490
    196       -0.68412747607951       -0.20904734099990       -0.22684345016743       -0.00000104002140       -0.00022402810910       -0.00024403645491
    197        0.68406642632991        0.21014688966837        0.22804133552671       -0.00002586207949        0.00021569260449        0.00023500993379
    197       -0.68406642632997       -0.21014688966844       -0.22804133552677        0.00002586207949       -0.00021569260449       -0.00023500993379
    198        0.68386885528458        0.21120426704470        0.22919354950522       -0.00005343869922        0.00020719903143        0.00022581072212
    198       -0.68386885528465       -0.21120426704477       -0.22919354950528        0.00005343869922       -0.00020719903143       -0.00022581072212
    199        0.68353203933767        0.21221887998262        0.23029944274795       -0.00008143145389        0.00019862257187        0.00021652054355
    199       -0.68353203933774       -0.21221887998269       -0.23029944274802        0.00008143145389       -0.00019862257187       -0.00021652054355
    200        0.68305454074566        0.21319049276336        0.23135875494072       -0.00010958868102        0.00019003063886        0.00020721278646
    200       -0.68305454074572       -0.21319049276343       -0.23135875494079        0.00010958868102       -0.00019003063886       -0.00020721278646
