         1  0.00000010   51.212     -1.1324653053     -1.1322220358     -1.1322219367   0.117809E-05     0.10
         2  0.00000111   52.686     -1.1324732500     -1.1322229777     -1.1322218692   0.476631E-05     0.10
         3  0.00000340   54.540     -1.1324843692     -1.1322252930     -1.1322218919   0.108577E-04     0.11
         4  0.00000635   56.876     -1.1324984282     -1.1322282562     -1.1322219086   0.195765E-04     0.11
         5  0.00000952   59.712     -1.1325151103     -1.1322314637     -1.1322219442   0.310888E-04     0.10
         6  0.00001268   62.997     -1.1325338998     -1.1322346480     -1.1322219652   0.455991E-04     0.10
         7  0.00001578   66.664     -1.1325544380     -1.1322377690     -1.1322219847   0.633414E-04     0.10
         8  0.00001876   70.659     -1.1325764147     -1.1322407670     -1.1322220041   0.845746E-04     0.10
         9  0.00002156   74.933     -1.1325995266     -1.1322435799     -1.1322220193   0.109580E-03     0.11
        10  0.00002423   79.417     -1.1326235145     -1.1322462664     -1.1322220403   0.138651E-03     0.10
        11  0.00002682   84.035     -1.1326480577     -1.1322488718     -1.1322220564   0.172089E-03     0.10
        12  0.00002937   88.719     -1.1326728799     -1.1322514471     -1.1322220780   0.210190E-03     0.10
        13  0.00003184   93.410     -1.1326976500     -1.1322539314     -1.1322220958   0.253245E-03     0.11
        14  0.00003418   98.053     -1.1327220698     -1.1322562968     -1.1322221157   0.301537E-03     0.10
        15  0.00003640  102.583     -1.1327458244     -1.1322585320     -1.1322221343   0.355337E-03     0.10
        16  0.00003849  106.937     -1.1327686135     -1.1322606376     -1.1322221513   0.414891E-03     0.10
        17  0.00004042  111.062     -1.1327901590     -1.1322625906     -1.1322221688   0.480420E-03     0.10
        18  0.00004215  114.911     -1.1328101832     -1.1322643322     -1.1322221825   0.552118E-03     0.11
        19  0.00004365  118.437     -1.1328284551     -1.1322658522     -1.1322221973   0.630150E-03     0.10
        20  0.00004493  121.595     -1.1328447429     -1.1322671416     -1.1322222078   0.714642E-03     0.10
        21  0.00004599  124.343     -1.1328588662     -1.1322682095     -1.1322222183   0.805682E-03     0.10
        22  0.00004680  126.653     -1.1328706562     -1.1322690260     -1.1322222258   0.903313E-03     0.10
        23  0.00004734  128.502     -1.1328799856     -1.1322695740     -1.1322222315   0.100754E-02     0.10
        24  0.00004762  129.867     -1.1328867573     -1.1322698604     -1.1322222357   0.111832E-02     0.10
        25  0.00004766  130.731     -1.1328909003     -1.1322698983     -1.1322222366   0.123556E-02     0.10
        26  0.00004746  131.086     -1.1328923892     -1.1322697008     -1.1322222372   0.135913E-02     0.10
        27  0.00004702  130.933     -1.1328912145     -1.1322692540     -1.1322222340   0.148883E-02     0.10
        28  0.00004634  130.276     -1.1328874155     -1.1322685732     -1.1322222305   0.162445E-02     0.11
        29  0.00004545  129.124     -1.1328810468     -1.1322676771     -1.1322222240   0.176570E-02     0.10
        30  0.00004438  127.490     -1.1328722031     -1.1322665954     -1.1322222164   0.191227E-02     0.10
        31  0.00004313  125.397     -1.1328610011     -1.1322653390     -1.1322222073   0.206379E-02     0.10
        32  0.00004172  122.871     -1.1328475818     -1.1322639156     -1.1322221962   0.221986E-02     0.10
        33  0.00004017  119.944     -1.1328321156     -1.1322623530     -1.1322221849   0.238004E-02     0.10
        34  0.00003851  116.648     -1.1328147825     -1.1322606770     -1.1322221712   0.254387E-02     0.10
        35  0.00003676  113.021     -1.1327957930     -1.1322589181     -1.1322221578   0.271084E-02     0.10
        36  0.00003494  109.106     -1.1327753604     -1.1322570840     -1.1322221427   0.288043E-02     0.10
        37  0.00003307  104.948     -1.1327537198     -1.1322551953     -1.1322221276   0.305209E-02     0.10
        38  0.00003117  100.592     -1.1327311105     -1.1322532774     -1.1322221121   0.322527E-02     0.10
        39  0.00002926   96.084     -1.1327077787     -1.1322513563     -1.1322220959   0.339938E-02     0.10
        40  0.00002737   91.475     -1.1326839790     -1.1322494510     -1.1322220803   0.357386E-02     0.10
        41  0.00002550   86.815     -1.1326599603     -1.1322475678     -1.1322220642   0.374811E-02     0.10
        42  0.00002368   82.154     -1.1326359769     -1.1322457254     -1.1322220488   0.392155E-02     0.10
        43  0.00002191   77.540     -1.1326122761     -1.1322439445     -1.1322220335   0.409363E-02     0.10
        44  0.00002022   73.019     -1.1325891002     -1.1322422415     -1.1322220192   0.426377E-02     0.10
        45  0.00001862   68.641     -1.1325666798     -1.1322406194     -1.1322220044   0.443143E-02     0.10
        46  0.00001710   64.451     -1.1325452474     -1.1322390922     -1.1322219920   0.459609E-02     0.10
        47  0.00001568   60.490     -1.1325250022     -1.1322376596     -1.1322219805   0.475726E-02     0.11
        48  0.00001435   56.799     -1.1325061310     -1.1322363229     -1.1322219681   0.491447E-02     0.11
        49  0.00001314   53.414     -1.1324888279     -1.1322350987     -1.1322219575   0.506728E-02     0.10
        50  0.00001205   50.371     -1.1324732655     -1.1322339931     -1.1322219478   0.521531E-02     0.10
        51  0.00001107   47.699     -1.1324595969     -1.1322330139     -1.1322219404   0.535820E-02     0.10
        52  0.00001023   45.426     -1.1324479442     -1.1322321616     -1.1322219327   0.549563E-02     0.10
        53  0.00000953   43.572     -1.1324384279     -1.1322314528     -1.1322219263   0.562734E-02     0.10
        54  0.00000898   42.156     -1.1324311524     -1.1322309022     -1.1322219207   0.575311E-02     0.10
        55  0.00000861   41.193     -1.1324262061     -1.1322305283     -1.1322219167   0.587277E-02     0.10
        56  0.00000843   40.693     -1.1324236517     -1.1322303504     -1.1322219156   0.598621E-02     0.10
        57  0.00000846   40.659     -1.1324235107     -1.1322303714     -1.1322219154   0.609336E-02     0.11
        58  0.00000867   41.091     -1.1324257821     -1.1322305893     -1.1322219182   0.619420E-02     0.10
        59  0.00000906   41.986     -1.1324304254     -1.1322309802     -1.1322219216   0.628877E-02     0.10
        60  0.00000960   43.336     -1.1324373836     -1.1322315276     -1.1322219268   0.637716E-02     0.10
        61  0.00001028   45.126     -1.1324465753     -1.1322322160     -1.1322219327   0.645952E-02     0.10
        62  0.00001110   47.338     -1.1324579059     -1.1322330376     -1.1322219394   0.653603E-02     0.10
        63  0.00001204   49.951     -1.1324712651     -1.1322339843     -1.1322219485   0.660694E-02     0.10
        64  0.00001308   52.940     -1.1324865115     -1.1322350344     -1.1322219565   0.667254E-02     0.10
        65  0.00001423   56.274     -1.1325035136     -1.1322361975     -1.1322219653   0.673315E-02     0.10
        66  0.00001552   59.921     -1.1325221294     -1.1322374924     -1.1322219771   0.678915E-02     0.11
        67  0.00001691   63.842     -1.1325421683     -1.1322389026     -1.1322219923   0.684095E-02     0.10
        68  0.00001837   68.001     -1.1325633934     -1.1322403758     -1.1322220059   0.688899E-02     0.10
        69  0.00001988   72.353     -1.1325855883     -1.1322418933     -1.1322220159   0.693376E-02     0.10
        70  0.00002148   76.857     -1.1326085904     -1.1322435038     -1.1322220251   0.697576E-02     0.10
        71  0.00002324   81.464     -1.1326322486     -1.1322452774     -1.1322220379   0.701552E-02     0.11
        72  0.00002517   86.127     -1.1326563554     -1.1322472315     -1.1322220574   0.705360E-02     0.10
        73  0.00002721   90.799     -1.1326806055     -1.1322492882     -1.1322220792   0.709054E-02     0.10
        74  0.00002924   95.431     -1.1327046563     -1.1322513370     -1.1322220990   0.712694E-02     0.10
        75  0.00003118   99.973     -1.1327281936     -1.1322532985     -1.1322221154   0.716337E-02     0.10
        76  0.00003302  104.377     -1.1327509569     -1.1322551447     -1.1322221285   0.720040E-02     0.10
        77  0.00003475  108.594     -1.1327727383     -1.1322568920     -1.1322221396   0.723863E-02     0.12
        78  0.00003643  112.580     -1.1327933597     -1.1322585794     -1.1322221524   0.727862E-02     0.11
        79  0.00003805  116.290     -1.1328126195     -1.1322602159     -1.1322221673   0.732093E-02     0.10
        80  0.00003959  119.682     -1.1328302888     -1.1322617739     -1.1322221800   0.736609E-02     0.10
        81  0.00004105  122.716     -1.1328461664     -1.1322632385     -1.1322221919   0.741464E-02     0.10
        82  0.00004238  125.358     -1.1328600631     -1.1322645869     -1.1322222062   0.746705E-02     0.10
        83  0.00004352  127.576     -1.1328717576     -1.1322657439     -1.1322222204   0.752381E-02     0.10
        84  0.00004440  129.344     -1.1328810360     -1.1322666232     -1.1322222276   0.758533E-02     0.10
        85  0.00004499  130.639     -1.1328877874     -1.1322672231     -1.1322222282   0.765203E-02     0.10
        86  0.00004539  131.442     -1.1328920012     -1.1322676214     -1.1322222287   0.772425E-02     0.11
        87  0.00004564  131.740     -1.1328936722     -1.1322678756     -1.1322222328   0.780232E-02     0.10
        88  0.00004572  131.527     -1.1328927437     -1.1322679597     -1.1322222382   0.788652E-02     0.10
        89  0.00004555  130.804     -1.1328891394     -1.1322677933     -1.1322222402   0.797708E-02     0.10
        90  0.00004508  129.577     -1.1328828369     -1.1322673162     -1.1322222358   0.807419E-02     0.10
        91  0.00004431  127.862     -1.1328739105     -1.1322665377     -1.1322222270   0.817799E-02     0.10
        92  0.00004330  125.676     -1.1328625038     -1.1322655126     -1.1322222165   0.828858E-02     0.10
        93  0.00004210  123.045     -1.1328487925     -1.1322643025     -1.1322222043   0.840603E-02     0.10
        94  0.00004076  119.998     -1.1328329705     -1.1322629556     -1.1322221949   0.853034E-02     0.10
        95  0.00003927  116.572     -1.1328151986     -1.1322614548     -1.1322221841   0.866148E-02     0.11
        96  0.00003760  112.811     -1.1327956539     -1.1322597741     -1.1322221719   0.879940E-02     0.10
        97  0.00003573  108.761     -1.1327745334     -1.1322578925     -1.1322221597   0.894399E-02     0.10
        98  0.00003365  104.470     -1.1327520447     -1.1322557911     -1.1322221413   0.909513E-02     0.10
        99  0.00003140   99.985     -1.1327284745     -1.1322535223     -1.1322221236   0.925267E-02     0.10
       100  0.00002903   95.360     -1.1327041125     -1.1322511325     -1.1322221043   0.941644E-02     0.10
       101  0.00002660   90.646     -1.1326792724     -1.1322486832     -1.1322220815   0.958625E-02     0.10
       102  0.00002422   85.899     -1.1326543147     -1.1322462748     -1.1322220595   0.976189E-02     0.10
       103  0.00002195   81.176     -1.1326295937     -1.1322439919     -1.1322220384   0.994314E-02     0.10
       104  0.00001987   76.535     -1.1326054437     -1.1322418872     -1.1322220202   0.101298E-01     0.10
       105  0.00001797   72.038     -1.1325821668     -1.1322399706     -1.1322219977   0.103215E-01     0.10
       106  0.00001632   67.748     -1.1325601128     -1.1322382940     -1.1322219784   0.105181E-01     0.10
       107  0.00001490   63.728     -1.1325395838     -1.1322368629     -1.1322219675   0.107194E-01     0.10
       108  0.00001363   60.038     -1.1325207713     -1.1322355792     -1.1322219511   0.109250E-01     0.10
       109  0.00001249   56.736     -1.1325039336     -1.1322344254     -1.1322219309   0.111349E-01     0.10
       110  0.00001154   53.876     -1.1324893812     -1.1322334605     -1.1322219170   0.113488E-01     0.10
       111  0.00001079   51.502     -1.1324773409     -1.1322326960     -1.1322219060   0.115666E-01     0.10
       112  0.00001024   49.651     -1.1324679883     -1.1322321344     -1.1322218982   0.117882E-01     0.10
       113  0.00000986   48.351     -1.1324614395     -1.1322317627     -1.1322218995   0.120134E-01     0.10
       114  0.00000959   47.619     -1.1324576861     -1.1322314874     -1.1322218994   0.122423E-01     0.10
       115  0.00000938   47.463     -1.1324567349     -1.1322312761     -1.1322218923   0.124747E-01     0.11
       116  0.00000935   47.882     -1.1324586894     -1.1322312399     -1.1322218878   0.127108E-01     0.10
       117  0.00000960   48.865     -1.1324636118     -1.1322314917     -1.1322218950   0.129507E-01     0.10
       118  0.00001010   50.394     -1.1324713934     -1.1322320098     -1.1322219074   0.131943E-01     0.10
       119  0.00001081   52.444     -1.1324818504     -1.1322327291     -1.1322219142   0.134419E-01     0.10
       120  0.00001176   54.983     -1.1324948666     -1.1322336833     -1.1322219212   0.136936E-01     0.12
       121  0.00001300   57.974     -1.1325103258     -1.1322349352     -1.1322219338   0.139496E-01     0.11
       122  0.00001453   61.374     -1.1325280224     -1.1322364830     -1.1322219555   0.142101E-01     0.10
       123  0.00001623   65.135     -1.1325476192     -1.1322382119     -1.1322219784   0.144752E-01     0.10
       124  0.00001801   69.208     -1.1325687583     -1.1322400042     -1.1322219951   0.147453E-01     0.10
       125  0.00001984   73.538     -1.1325911677     -1.1322418475     -1.1322220091   0.150206E-01     0.11
       126  0.00002178   78.066     -1.1326146265     -1.1322437973     -1.1322220198   0.153013E-01     0.10
       127  0.00002392   82.732     -1.1326389506     -1.1322459537     -1.1322220371   0.155876E-01     0.11
       128  0.00002626   87.478     -1.1326638648     -1.1322483238     -1.1322220603   0.158799E-01     0.11
       129  0.00002873   92.245     -1.1326890037     -1.1322508180     -1.1322220842   0.161783E-01     0.11
       130  0.00003121   96.976     -1.1327139785     -1.1322533213     -1.1322221113   0.164831E-01     0.10
       131  0.00003355  101.612     -1.1327383658     -1.1322556864     -1.1322221331   0.167945E-01     0.10
       132  0.00003569  106.094     -1.1327618103     -1.1322578394     -1.1322221516   0.171127E-01     0.11
       133  0.00003760  110.363     -1.1327840129     -1.1322597652     -1.1322221675   0.174378E-01     0.10
       134  0.00003931  114.359     -1.1328047213     -1.1322614885     -1.1322221778   0.177699E-01     0.10
       135  0.00004090  118.030     -1.1328237574     -1.1322630885     -1.1322221894   0.181092E-01     0.10
       136  0.00004240  121.328     -1.1328409324     -1.1322645993     -1.1322222022   0.184557E-01     0.10
       137  0.00004378  124.215     -1.1328560377     -1.1322659900     -1.1322222144   0.188093E-01     0.10
       138  0.00004497  126.664     -1.1328688786     -1.1322671956     -1.1322222214   0.191699E-01     0.11
       139  0.00004596  128.658     -1.1328793357     -1.1322681808     -1.1322222254   0.195376E-01     0.10
       140  0.00004668  130.187     -1.1328873279     -1.1322689098     -1.1322222343   0.199121E-01     0.10
       141  0.00004702  131.248     -1.1328927176     -1.1322692611     -1.1322222398   0.202934E-01     0.10
       142  0.00004690  131.840     -1.1328954121     -1.1322691443     -1.1322222402   0.206813E-01     0.10
       143  0.00004631  131.962     -1.1328953958     -1.1322685461     -1.1322222386   0.210756E-01     0.10
       144  0.00004527  131.613     -1.1328926906     -1.1322674996     -1.1322222342   0.214761E-01     0.10
       145  0.00004385  130.789     -1.1328873574     -1.1322660825     -1.1322222281   0.218824E-01     0.10
       146  0.00004220  129.486     -1.1328794982     -1.1322644097     -1.1322222133   0.222942E-01     0.10
       147  0.00004050  127.707     -1.1328693330     -1.1322626985     -1.1322221987   0.227110E-01     0.10
       148  0.00003894  125.456     -1.1328570774     -1.1322611344     -1.1322221955   0.231322E-01     0.10
       149  0.00003751  122.748     -1.1328427883     -1.1322597071     -1.1322221944   0.235574E-01     0.10
       150  0.00003614  119.608     -1.1328264887     -1.1322583248     -1.1322221850   0.239857E-01     0.10
       151  0.00003480  116.070     -1.1328083229     -1.1322569646     -1.1322221694   0.244165E-01     0.10
       152  0.00003349  112.180     -1.1327885278     -1.1322556463     -1.1322221533   0.248491E-01     0.11
       153  0.00003224  107.993     -1.1327673651     -1.1322543744     -1.1322221313   0.252829E-01     0.10
       154  0.00003109  103.568     -1.1327451754     -1.1322532057     -1.1322221111   0.257170E-01     0.10
       155  0.00003005   98.967     -1.1327222687     -1.1322521549     -1.1322221006   0.261507E-01     0.11
       156  0.00002901   94.252     -1.1326988223     -1.1322511054     -1.1322220909   0.265836E-01     0.11
       157  0.00002785   89.483     -1.1326749914     -1.1322499272     -1.1322220786   0.270147E-01     0.11
       158  0.00002649   84.718     -1.1326509752     -1.1322485470     -1.1322220616   0.274436E-01     0.11
       159  0.00002492   80.011     -1.1326270375     -1.1322469696     -1.1322220453   0.278696E-01     0.10
       160  0.00002318   75.413     -1.1326034383     -1.1322452111     -1.1322220291   0.282920E-01     0.11
       161  0.00002131   70.972     -1.1325804442     -1.1322433131     -1.1322220069   0.287104E-01     0.11
       162  0.00001942   66.730     -1.1325583965     -1.1322414147     -1.1322219900   0.291241E-01     0.11
       163  0.00001762   62.725     -1.1325375605     -1.1322396049     -1.1322219819   0.295327E-01     0.11
       164  0.00001590   58.987     -1.1325180792     -1.1322378761     -1.1322219728   0.299356E-01     0.11
       165  0.00001427   55.545     -1.1325000933     -1.1322362407     -1.1322219658   0.303322E-01     0.11
       166  0.00001274   52.422     -1.1324837163     -1.1322346987     -1.1322219591   0.307222E-01     0.11
       167  0.00001131   49.641     -1.1324690644     -1.1322332571     -1.1322219457   0.311051E-01     0.11
       168  0.00001007   47.226     -1.1324563424     -1.1322320075     -1.1322219336   0.314804E-01     0.10
       169  0.00000910   45.202     -1.1324457411     -1.1322310223     -1.1322219253   0.318476E-01     0.10
       170  0.00000840   43.593     -1.1324373977     -1.1322303222     -1.1322219178   0.322066E-01     0.11
       171  0.00000801   42.421     -1.1324314289     -1.1322299214     -1.1322219149   0.325569E-01     0.11
       172  0.00000787   41.702     -1.1324278772     -1.1322297856     -1.1322219196   0.328986E-01     0.10
       173  0.00000788   41.444     -1.1324266751     -1.1322298048     -1.1322219244   0.332314E-01     0.10
       174  0.00000799   41.651     -1.1324277575     -1.1322299077     -1.1322219205   0.335553E-01     0.10
       175  0.00000825   42.314     -1.1324311733     -1.1322301711     -1.1322219186   0.338704E-01     0.10
       176  0.00000875   43.424     -1.1324369488     -1.1322306749     -1.1322219217   0.341766E-01     0.11
       177  0.00000953   44.965     -1.1324450435     -1.1322314488     -1.1322219233   0.344742E-01     0.11
       178  0.00001061   46.921     -1.1324554230     -1.1322325354     -1.1322219302   0.347632E-01     0.10
       179  0.00001196   49.276     -1.1324679760     -1.1322339038     -1.1322219428   0.350438E-01     0.10
       180  0.00001348   52.011     -1.1324825054     -1.1322354396     -1.1322219574   0.353161E-01     0.10
       181  0.00001503   55.108     -1.1324987798     -1.1322370035     -1.1322219699   0.355805E-01     0.10
       182  0.00001655   58.543     -1.1325166121     -1.1322385176     -1.1322219704   0.358372E-01     0.10
       183  0.00001812   62.289     -1.1325359786     -1.1322400913     -1.1322219722   0.360866E-01     0.10
       184  0.00001984   66.312     -1.1325568311     -1.1322418339     -1.1322219910   0.363292E-01     0.10
       185  0.00002164   70.574     -1.1325788900     -1.1322436467     -1.1322220116   0.365656E-01     0.10
       186  0.00002337   75.033     -1.1326018256     -1.1322454030     -1.1322220325   0.367964E-01     0.10
       187  0.00002495   79.640     -1.1326253052     -1.1322469970     -1.1322220507   0.370222E-01     0.10
       188  0.00002635   84.344     -1.1326490531     -1.1322484017     -1.1322220563   0.372438E-01     0.10
       189  0.00002770   89.088     -1.1326729583     -1.1322497682     -1.1322220665   0.374619E-01     0.11
       190  0.00002912   93.819     -1.1326968608     -1.1322511987     -1.1322220827   0.376772E-01     0.10
       191  0.00003059   98.482     -1.1327205047     -1.1322526919     -1.1322221027   0.378905E-01     0.10
       192  0.00003206  103.026     -1.1327435749     -1.1322541808     -1.1322221227   0.381026E-01     0.11
       193  0.00003347  107.398     -1.1327657662     -1.1322556034     -1.1322221346   0.383141E-01     0.11
       194  0.00003484  111.549     -1.1327868764     -1.1322569927     -1.1322221483   0.385258E-01     0.10
       195  0.00003620  115.434     -1.1328066975     -1.1322583601     -1.1322221587   0.387383E-01     0.10
       196  0.00003757  119.010     -1.1328250638     -1.1322597412     -1.1322221674   0.389523E-01     0.10
       197  0.00003900  122.237     -1.1328418315     -1.1322611806     -1.1322221814   0.391684E-01     0.10
       198  0.00004045  125.077     -1.1328567859     -1.1322626444     -1.1322221973   0.393872E-01     0.10
       199  0.00004184  127.494     -1.1328696761     -1.1322640504     -1.1322222149   0.396093E-01     0.10
       200  0.00004305  129.459     -1.1328802339     -1.1322652766     -1.1322222271   0.398353E-01     0.11
